"","AR","N","log2FC","llr_mean","pval_mean","padj_mean"
"0610005C13Rik",0.224,125,-1.82102985895468,-20.6560532639659,1.29762719836546e-10,1.05699924216371e-09
"0610040B10Rik",0.66030534351145,131,0.863938450423972,-6.13784630611607,0.000458896314636805,0.00164711875071777
"0610040J01Rik",0.687878787878788,165,1.15324626029568,-10.6270248663671,4.02259589933242e-06,2.04388067193938e-05
"0610043K17Rik",0.527050610820244,191,0.224431566610047,-0.0458791082594132,0.761953734907035,0.87542510590483
"1110002E22Rik",0.510825780463243,662,0.0143552929770703,0.0679107049751337,1,1
"1110002L01Rik",0.950520833333333,192,4.36457243229586,-106.775388484704,2.30790035876262e-48,8.28375786524851e-47
"1110004F10Rik",0.440251572327044,371,-0.326702600207709,-3.09809853979328,0.0128025101081233,0.031896973959066
"1110019D14Rik",0.540962441314554,710,0.208206515093137,-1.43416122793099,0.0903389885844443,0.165309512371535
"1110059E24Rik",0.442928039702233,403,-0.326144449688432,-3.14812492892827,0.0120993673060484,0.0303705883912479
"1200007C13Rik",0.422535211267606,71,-0.473931188332412,-0.971128952494077,0.163423583900227,0.267541279380978
"1500002F19Rik",0.624537037037037,360,0.770518153877233,-9.67333730995023,1.09008912408853e-05,5.19650440403566e-05
"1500004A13Rik",0.454098360655738,610,-0.322832322457477,-3.0628138150887,0.0133235977615303,0.0330358286573296
"1500009L16Rik",0.554907677356657,343,0.290837516773585,-1.4614333073082,0.0873325893912368,0.16068430372642
"1500026H17Rik",0.291970802919708,137,-1.19464743085354,-12.7410505478559,4.46506103597392e-07,2.58803883190475e-06
"1600010M07Rik",0.476684515841142,747,-0.191343985077218,-1.07902666194946,0.141824266224002,0.239102221173838
"1600014C10Rik",0.446127946127946,297,-0.279522528622363,-2.09385654097531,0.0407179899383926,0.0858621264425042
"1600020E01Rik",0.300226537216828,515,-1.20844286265222,-41.5130351003564,8.09783274244298e-20,1.15398414792521e-18
"1700017G19Rik",0,210,-Inf,-181.397537666373,6.93379169130724e-81,4.30922313259761e-79
"1700025G04Rik",0.574480803498109,1618,0.394302807206595,-11.1256004482111,2.39209130911861e-06,1.27123648984989e-05
"1700037F03Rik",0.575129533678757,193,0.584962500721156,-1.46911440725205,0.0865055410449608,0.159512415245543
"1700081N11Rik",0.603703703703704,225,0.594946589293778,-4.19917865787181,0.00375560234652906,0.0108888133692886
"1700086O06Rik",0.622747747747748,148,0.755763189620332,-3.90072753424538,0.0052204179220376,0.0145122358890948
"1700087I21Rik",0.10653073286052,564,-3.09414715455555,-266.526487229392,6.12013845010983e-118,5.62717387358044e-116
"1700096K18Rik",0.401606425702811,83,-0.431716240425474,-1.66078261142428,0.0683767011154459,0.13188057985255
"1700109H08Rik",0.401736111111111,480,-0.591915261362923,-10.4657047948083,4.76024981986007e-06,2.39464994123332e-05
"1700120C14Rik",0.754777070063694,314,1.66387955794538,-39.7853513735452,4.65273846768696e-19,6.41847685182363e-18
"1700123M08Rik",0.663865546218487,238,1.07116102892124,-11.6893203997072,1.33047673774768e-06,7.33292422689711e-06
"1700123O12Rik",0.0169491525423729,118,-5.70965824817047,-97.9553703302518,1.63021518506229e-44,5.16132279346138e-43
"1810024B03Rik",0.593220338983051,118,0.511899038531432,-1.75679023977774,0.060867778101738,0.119422545050823
"1810037I17Rik",0.108614232209738,178,-3.0163018123291,-71.3079460831359,7.13206048976526e-33,1.64503058444345e-31
"1810062O18Rik",0.57168458781362,279,0.388270589716059,-2.24819570785786,0.0339664607840855,0.0737569992826857
"2010001K21Rik",0.926666666666667,125,3.4391116342577,-60.5727880100021,3.55095304900403e-28,7.05147836240089e-27
"2210408F21Rik",0.492955118829191,3232,-0.0318859970645229,-1.65828273822672,0.0685849700373241,0.132244274315001
"2210408I21Rik",0.566443452380952,224,0.367731784500488,-1.60105597795132,0.0735432429401214,0.140040650724816
"2310002L09Rik",0.432507987220447,626,-0.377505442782243,-6.19904083613369,0.000429775136105604,0.00155927065596801
"2310014F06Rik",0.364048964218456,885,-0.897395514765649,-31.5006243483699,2.06575578316887e-15,2.39057807183266e-14
"2310015A10Rik",0.545977011494253,377,0.255654875468196,-1.12006505331635,0.134469665126008,0.228438469330743
"2310016D03Rik",0.698056801195815,223,1.15200309344505,-16.1834601044097,1.27640930118549e-08,8.69772510614927e-08
"2310022A10Rik",0.482561235356762,626,-0.113595031841959,-0.733038404148715,0.225965706507645,0.346511725400803
"2310022B05Rik",0.45771144278607,201,-0.168397531695719,-0.870353474298639,0.187049276610962,0.298993747228573
"2310039L15Rik",0.570094086021505,496,0.398917833915567,-3.73004042614411,0.00630821733179274,0.0169770468047285
"2310057M21Rik",0.550467601870407,499,0.260389684578231,-1.94820308843236,0.0483895148317386,0.0988105943263248
"2310068J16Rik",0.637404580152672,131,0.678071905112637,-4.35014705668662,0.00318158711187081,0.00937174464443565
"2310069G16Rik",0.264309764309764,198,-1.44898483120218,-23.0641191046454,1.10760475833837e-11,9.85973890977071e-11
"2500002B13Rik",0.641156462585034,294,0.87560913776281,-10.5152806662489,4.5201546694318e-06,2.28458419738149e-05
"2510009E07Rik",0.428662420382166,157,-0.444784842672896,-1.94308563650512,0.0486852924491753,0.0992937353141492
"2610008E11Rik",0.784134881149807,603,1.87273093090963,-95.8587759079088,1.34101991934131e-43,4.09132986300858e-42
"2610020C07Rik",0.49070385126162,251,-0.0646090814230771,-0.130959307140415,0.608805094617352,0.744588155078657
"2610035D17Rik",0.972298534798535,364,5.22881869049588,-259.100773909595,1.04188615684564e-114,8.96556395480507e-113
"2610037D02Rik",0.430695346320346,1232,-0.325535335374241,-12.9884118934935,3.45540737703522e-07,2.02733341911367e-06
"2610203C22Rik",0.56993006993007,143,0.330148601692331,-1.08135879013079,0.141394427667707,0.238512037824994
"2610307P16Rik",0.491013071895425,102,-0.0497530351970994,-0.0522152773716158,0.746576217574218,0.863671074174104
"2700049A03Rik",0.552536231884058,552,0.3307042323716,-2.25792890186312,0.0335820424920106,0.0730640742970423
"2700097O09Rik",0.617464273845131,1003,0.696173711487948,-22.9532681275109,1.24031433005596e-11,1.10118912477985e-10
"2810001G20Rik",0.523049645390071,188,0.198328716445979,-0.0651206132580455,0.718182058038441,0.838482861985391
"2810013P06Rik",0.554659498207885,372,0.317190175880699,-1.69962662650215,0.0652259412565958,0.126421171733835
"2810030D12Rik",0.589887640449438,178,0.572578776265323,-2.40172417502706,0.0284028330554068,0.0631466762066546
"2810449D17Rik",0.758974358974359,195,1.62080769966788,-25.3080088727696,1.12324563338314e-12,1.06636841460646e-11
"2900076A07Rik",0.481735159817352,219,-0.159780444036769,-0.221390790459196,0.505782951187238,0.647494787024364
"2900089D17Rik",0.725,120,1.41503749927884,-11.9263154169543,1.03999645733477e-06,5.81704685135914e-06
"3110009E18Rik",0.365546218487395,119,-0.742842160502875,-4.65230959101612,0.00228576813938283,0.00700551404179797
"3110056K07Rik",0.475114603798297,509,-0.187370135901721,-0.841973205535055,0.19440089157457,0.307812876680471
"3110082I17Rik",0.502026342451874,329,-0.0311946216035945,0.0162658776540638,1,1
"3222401L13Rik",0.404060471398074,1093,-0.577467964174232,-20.6726276095419,1.27580759379525e-10,1.04175432719632e-09
"3300002I08Rik",0.389795918367347,245,-0.606855106569998,-6.61263721832111,0.000276199280328224,0.00104678123634277
"3425401B19Rik",0.600355871886121,562,0.622859108479685,-8.85639976767129,2.56892222317769e-05,0.000116033687496424
"4631405J19Rik",0.287790697674419,172,-1.33298328339636,-16.4076619004456,1.01342802194922e-08,6.99807498284274e-08
"4632427E13Rik",0.506939457235169,2029,0.00696114759906985,0.190043682498072,1,1
"4732440D04Rik",0.316263475087004,2737,-1.10148698587373,-190.4119422683,8.23358816196419e-85,5.31383112914458e-83
"4732465J04Rik",0.300347222222222,96,-1.45519462575083,-7.68639719348619,8.82498025623568e-05,0.000365411890683861
"4732471J01Rik",0.345833333333333,360,-0.881637803676607,-18.4711014924707,1.21683329412044e-09,9.24958671589629e-09
"4732491K20Rik",0.544166666666667,400,0.285754482333878,-1.0987287280422,0.138238585400583,0.234011950872312
"4833420G17Rik",0.888316151202749,291,3.04182017569463,-106.901308947708,2.03365323720712e-48,7.33864544523342e-47
"4833439L19Rik",0.567518248175182,274,0.415037499278844,-2.04284471235621,0.0432478046863742,0.0900928817675181
"4921504A21Rik",0.767045454545455,176,1.66457966878452,-24.634419169789,2.23179755810472e-12,2.07476803462588e-11
"4921511C10Rik",0.432624113475177,188,-0.402546555095648,-1.98468610120787,0.0463350445184345,0.0956337081204589
"4921524J17Rik",0.442899584076055,561,-0.394172979357242,-4.21311673646403,0.00369845665683154,0.0107416880487465
"4930402D18Rik",0.832669322709163,251,2.46777896135082,-57.0733480476169,1.21016196755871e-26,2.27524009138769e-25
"4930412C18Rik",0.962962962962963,117,4.73335434061383,-72.5549753117375,2.03199706937467e-33,4.81935135323066e-32
"4930428N03Rik",0.0241935483870968,62,-5.22881869049588,-45.023156831041,2.32649759320046e-21,3.54896632853671e-20
"4930432B10Rik",0.530456852791878,197,0.160464672193246,-0.219971386112888,0.507150078060178,0.649046457758555
"4930447C04Rik",0.0487012987012987,154,-4.30580842952409,-95.6780444271863,1.60816844611701e-43,4.88417493680423e-42
"4930453N24Rik",0.490272373540856,257,-0.15094189807474,0.0191250607811639,1,1
"4930458D05Rik",0.951851851851852,135,4.33219643034119,-72.7181297109346,1.72418858692298e-33,4.10381340263371e-32
"4930470G03Rik",0.615440115440115,231,0.712197689017263,-5.28621533742225,0.00114786695997623,0.0037619546071096
"4930473A02Rik",0.397701149425287,145,-0.63584366972334,-3.48456832959688,0.00829274973571673,0.0216412069706078
"4930481A15Rik",0.94767090139141,551,4.11389096652798,-301.367732137907,4.25418157981943e-133,4.60549463931419e-131
"4930506C21Rik",0.428542914171657,835,-0.429631979999347,-9.12755140659181,1.93207666298297e-05,8.91891235346748e-05
"4930511M06Rik",0.470663265306122,196,-0.12199052437861,-0.441610992569707,0.347320719715478,0.484157148645958
"4930512B01Rik",0.493055555555556,144,-0.0730634621897241,-0.0401920282907469,0.776777622453754,0.887897037109945
"4930512H18Rik",0.443132611637348,739,-0.280305724778962,-5.2939110847442,0.00113834992918738,0.00373258657777513
"4930517O19Rik",0.595132743362832,226,0.55581615506164,-3.50043619032814,0.00814700033513607,0.0213104700894128
"4930522O17Rik",0.962121212121212,132,4.34239219744708,-73.3504691489507,9.12237756729647e-34,2.1867642225605e-32
"4930523C07Rik",0.379576107899807,346,-0.740833411605919,-10.6816357954177,3.79981186386624e-06,1.94689597177635e-05
"4930544I03Rik",0.840686274509804,68,2.24285652389616,-15.8924791233775,1.72221356094367e-08,1.16059211054758e-07
"4930549G23Rik",0.525533890436397,359,0.0974658094356169,-0.202420247463181,0.524599952084896,0.665280922159859
"4930551O13Rik",0.594936708860759,158,0.626782676415783,-2.4065119680988,0.0282454391295954,0.0629009248300744
"4930557K07Rik",0.488505747126437,174,-0.0780025120012731,-0.108226216373936,0.641756383824659,0.774400575230562
"4930558N01Rik",0.537117903930131,229,0.229867541898594,-0.426252462160363,0.355844671370543,0.493375218805843
"4930567K20Rik",1,128,Inf,-94.6069893212989,4.71959083483935e-43,1.40790638593074e-41
"4930581F22Rik",0.522760646108664,227,0.0593785470789312,-0.0493250608499238,0.753455593755923,0.868659938147627
"4930594M22Rik",0.382716049382716,135,-0.654225163158269,-3.83757828661263,0.00559862352965893,0.0154071181349204
"4931414P19Rik",0.472368421052632,190,-0.176322772640463,-0.386980073530083,0.378994730395785,0.517877164172741
"4932441J04Rik",0.381578947368421,190,-0.736965594166206,-5.84879144535478,0.000625813389129627,0.00218319099159982
"4933406I18Rik",0.518987341772152,79,0.0627357553479628,-0.014394741682267,0.865266019418366,0.962171226364492
"4933424G05Rik",0.506896551724138,145,0.0896372124846758,0.021894320046556,1,1
"4933427D14Rik",0.520833333333333,120,0.239187663879425,0.0607269288266963,1,1
"4933431K23Rik",0.447980921562679,899,-0.417772467000082,-4.4495458300928,0.00285312549526453,0.00851876259974001
"4933434E20Rik",0.558875502008032,415,0.33155985721142,-2.29102758519139,0.0323084427818731,0.0706365693654502
"5031425E22Rik",0.519887799078615,2243,0.0998374610304984,-0.612085330445552,0.268543708392165,0.396407602975195
"5330438D12Rik",0.48015503875969,860,-0.109347396188361,-1.02872360749734,0.151463729517855,0.251785843175092
"5330439K02Rik",0.585365853658537,164,0.47162102764521,-2.05586398963845,0.0425868293770502,0.088881467281953
"5430402O13Rik",0.390821256038647,345,-0.578862301184738,-9.0766831093004,2.03808844710478e-05,9.35040988172746e-05
"5430405H02Rik",0.465179968701095,426,-0.210644761353618,-1.33851425009817,0.101805532982672,0.182218329967919
"5430431A17Rik",0.536005256241787,1522,0.215442705488873,-1.41989012270506,0.091956789316185,0.16752458210851
"5730480H06Rik",0.55188679245283,212,0.356143810225276,-0.814495365480951,0.201842701479796,0.316830732537977
"5730507A11Rik",0.427480916030534,131,-0.512206158285841,-1.53876390370931,0.0793811015862559,0.149078330679057
"5830417I10Rik",0.927978883861237,442,3.75802720969404,-213.293889503228,8.98595944731646e-95,6.41635742663703e-93
"5830418P13Rik",0.544392523364486,214,0.172467196004765,-0.519181606324452,0.308202451096069,0.440889780851836
"6030443J06Rik",0.712999345121153,509,1.42113769881526,-41.2835971552511,1.02138260486519e-19,1.44936998813005e-18
"6030458C11Rik",0.446180555555556,384,-0.282238616730946,-2.75873421277907,0.018827485988461,0.0444495553832395
"6230400D17Rik",0.490909090909091,440,-0.074589316420683,-0.191068823299361,0.536461418632747,0.676320255796957
"6430548M08Rik",0.374849578820698,277,-0.805561640234553,-9.11577830792461,1.95610882725945e-05,9.02364429454669e-05
"6430590A07Rik",0.569637883008356,359,0.450442835410043,-2.76340330370164,0.0187272549028702,0.0442738967939183
"6530409C15Rik",0.406073446327684,236,-0.575502171472089,-4.56824592890385,0.00250561068688832,0.00759262254193877
"6720427I07Rik",0.532879818594104,882,0.196015424801115,-1.07721475124765,0.142159236629715,0.239441103201669
"6820431F20Rik",0.739283913262733,661,1.50074949681807,-71.4142785891585,6.40790725553304e-33,1.48823091692518e-31
"9230114K14Rik",0.325301204819277,249,-1.12285674778553,-16.1363384916423,1.33984205599506e-08,9.11146897653382e-08
"9330111N05Rik",0.61624649859944,119,0.819427754358179,-2.83447508640862,0.0172677871598798,0.0413785745866167
"9330136K24Rik",0.544364508393285,139,0.249027547839915,-0.374853643220305,0.386568921438242,0.525792801312796
"9330158H04Rik",0.337361111111111,240,-1.05889368905357,-13.4755512867116,2.08668081051885e-07,1.24717734641162e-06
"9330159M07Rik",0.0830941853479028,2152,-3.70539500529253,-1966.31838150974,0,0
"9330162G02Rik",0.299006908462867,386,-1.2088881569867,-31.6966298737573,1.69296311048621e-15,1.96594608954731e-14
"9430037G07Rik",0.184205693296602,363,-2.25191837363962,-105.136036497541,1.19813945295326e-47,4.23258526748542e-46
"9430038I01Rik",0.430904522613065,199,-0.418713157422242,-2.25053601406515,0.0338736110476904,0.0736030033512781
"9530026P05Rik",0.629028651153348,2478,0.840832567226518,-63.2833764766633,2.31096288108664e-29,4.74348099628547e-28
"9630014M24Rik",0.495689655172414,116,0.02106161552783,-0.0115715861797128,0.879085347977004,0.973988256127708
"9630050E16Rik",0.445812807881773,203,-0.354283468199747,-1.43131833675645,0.0906587830616185,0.165804292073456
"9930024M15Rik",0.551515151515152,220,0.308122295362332,-0.903787024121499,0.178799519817526,0.288555512626889
"A330023F24Rik",0.441025641025641,195,-0.346802763526392,-1.59346833887872,0.074228989259591,0.141157185396537
"A330032B11Rik",0.440409683426443,537,-0.404506831786674,-4.17699219616168,0.00384842508325947,0.0111147285537167
"A330102I10Rik",0.182494529540481,457,-1.90763598185134,-97.7644977895139,1.97496381301541e-44,6.19437248269131e-43
"A430033K04Rik",0.53968253968254,189,0.296617006358175,-0.350592395946734,0.402385873170508,0.543095511908395
"A430046D13Rik",0.596743295019157,348,0.547487795302493,-5.5090515925188,0.000902263507137582,0.00302346113824636
"A530016L24Rik",0.507285974499089,183,0.115477217419936,0.053989824578565,1,1
"A630072M18Rik",0.566784869976359,423,0.444381460860988,-2.71062901403957,0.0198930215377144,0.0465152913108164
"A730017L22Rik",0.896379525593009,267,3.16490692667569,-114.005058999173,1.61923804566218e-51,6.31879404795612e-50
"A730056A06Rik",0.243879472693032,177,-1.58496250072116,-25.4036028379633,1.01898932901102e-12,9.71513689818458e-12
"A930002C04Rik",0.964912280701754,171,4.87446911791614,-97.6516334445914,2.21219716588651e-44,6.90617087322338e-43
"A930005H10Rik",0.388471177944862,399,-0.70781924850669,-10.27977088361,5.78049420147644e-06,2.85284390296396e-05
"A930007I19Rik",0.534188034188034,273,0.163135835779673,-0.405184077307979,0.368011428059932,0.506957096609206
"A930015D03Rik",0.747857142857143,350,1.51317181765315,-40.7949825309727,1.674622839394e-19,2.35640849014938e-18
"A930029G22Rik",0.656311637080868,169,1.04858018044506,-6.52565795850549,0.000303071393616381,0.00114217585286533
"A930033H14Rik",0.632936507936508,336,0.760329587231717,-10.0960363211919,7.00425980778018e-06,3.42907307292637e-05
"A930037H05Rik",0.585057471264368,145,0.516790998079578,-1.79751737212081,0.0579524171768783,0.114607137327993
"AA465934",0.434210526315789,190,-0.347923303420307,-1.93074568371287,0.0494063935400503,0.100581047449444
"AA672651",0.33205619412516,261,-1.07635088613011,-15.2767134626898,3.24797653049637e-08,2.1165454827856e-07
"AI480526",0.579166666666667,120,0.395928676331139,-1.16723646139704,0.126537814125053,0.217607432335986
"AI839979",0.960283687943262,235,4.5405683813627,-136.15118302044,3.57376795131628e-61,1.62075206008344e-59
"AU020206",0.406746031746032,84,-0.572578776265323,-1.70152502719384,0.0650759850763953,0.126203412838129
"AU040320",0.556556195965418,694,0.285695003244966,-3.10582624396773,0.0126912104958633,0.0316666932521317
"AW011738",0.759754738015608,299,1.70043971814109,-39.681736265727,5.16726752794396e-19,7.07810196888976e-18
"AW146154",0.633221850613155,299,0.755314904045099,-9.4444439196721,1.38557427458547e-05,6.52172126999835e-05
"AW554918",0.582114882506527,766,0.457432964370439,-8.44081846451206,3.97846165494662e-05,0.000174304403577035
"Aaas",0.0247252747252747,546,-5.48496671074444,-384.700727152638,2.42603989500103e-169,3.25671595504938e-167
"Aagab",0.37995337995338,286,-0.803734606378907,-9.04481535567183,2.1074600354846e-05,9.65547560284823e-05
"Aak1",0.500041771094403,2527,0.00123836491800033,-0.161328468369447,0.570015281335951,0.708376702152732
"Aamdc",0.392595978062157,547,-0.614256807515195,-13.2941804674738,2.51755860685931e-07,1.49406307420333e-06
"Aars1",0.414163090128755,233,-0.514573172829759,-3.86057285210504,0.00545777500240255,0.0150937724829526
"Aarsd1",0.529831387808042,257,0.219168520462162,-0.2078383811224,0.519102176925405,0.659888979455173
"Aasdh",0.531749311294766,484,0.0890511878171285,-0.368817990544414,0.390419211586464,0.530035143237934
"Aasdhppt",0.575039494470774,211,0.418829078441219,-1.99127534940556,0.0459738949366253,0.0950637038862074
"Aatf",0.542724196277496,394,0.228624375047962,-0.961114642898508,0.165611113421356,0.27045785724675
"Abca1",0.531794248683678,823,0.170243653026355,-0.928935697025508,0.172870673045647,0.280716025578496
"Abca12",0.504089979550102,163,0.0797271924707346,0.0348278480430366,1,1
"Abca3",0.419191919191919,297,-0.485426827170242,-4.47877030648138,0.00276326634583179,0.00827993022911739
"Abca5",0.438628158844765,277,-0.317858430578315,-2.45284324832295,0.026768409436696,0.0600700649077579
"Abca8a",0.700925925925926,360,1.23266075679027,-26.0951562887117,5.03740312139647e-13,4.89306074541434e-12
"Abca8b",0.63716814159292,226,0.815916935561028,-7.4640477590853,0.000111687235755221,0.000454330137205481
"Abcb10",0.437785388127854,292,-0.415037499278844,-2.56367380162931,0.0235516917454147,0.0538049540487485
"Abcb1b",0.569230769230769,130,0.347923303420307,-0.996816181927386,0.157961601434674,0.260478444113001
"Abcb4",0.429783310281236,723,-0.448620099803225,-7.32749335046424,0.000129092649473335,0.000522284426320085
"Abcb8",0.550546448087432,427,0.293046974900233,-1.57996846560968,0.0754660987488728,0.143006339582844
"Abcb9",0.577937649880096,139,0.53051471669878,-1.39265257455142,0.0951325713427288,0.172225816965943
"Abcc1",0.546139455782313,980,0.226316183292711,-2.91671432298949,0.0157244478364312,0.0381985138900204
"Abcc4",0.608552631578947,532,0.682428310156774,-10.9198173053177,2.96413509471206e-06,1.55553360091535e-05
"Abcc5",0.473828443357783,1636,-0.22436760932931,-1.73421726661445,0.062550481453459,0.12222382285753
"Abcc8",0.36353550295858,676,-0.794109501269815,-26.7878443679381,2.48819501864055e-13,2.49265148733065e-12
"Abcc9",0.398230452674897,810,-0.574090595157585,-17.0322440287332,5.33154528871408e-09,3.78280464882124e-08
"Abcd2",0.353535353535354,99,-0.792195114886598,-4.65016175143032,0.00229113396867242,0.00701875454026895
"Abcd3",0.575461078984317,2001,0.484180976453019,-12.0658519487351,8.99668641198544e-07,5.07443354598708e-06
"Abce1",0.524206349206349,420,0.11796333735429,-0.235983663364038,0.492083495846056,0.633582279708177
"Abcf3",0.438080495356037,323,-0.388161793287448,-2.91675188023481,0.0157237764858671,0.0381985138900204
"Abcg2",0.436991869918699,246,-0.474908955256242,-2.07578495693144,0.0415959414727571,0.0872593112117599
"Abhd12",0.432415902140673,545,-0.468279520555823,-5.51580288041089,0.000895715268159511,0.0030030174225208
"Abhd13",0.34375,240,-0.957439537771954,-12.6046212761577,5.14351114208866e-07,2.97101951684157e-06
"Abhd14b",0.457401490947817,313,-0.20163386116965,-1.46451885925126,0.086999333970318,0.160290839859669
"Abhd17b",0.476984126984127,420,-0.144679752639191,-0.684922598826404,0.241838482665894,0.365564166139522
"Abhd17c",0.523015873015873,210,0.21864028647534,-0.0240337886495468,0.826460611369481,0.927944799318313
"Abhd18",0.470033652631337,2073,-0.193248421524434,-3.70218806045295,0.00650654042683168,0.0174547959012367
"Abhd2",0.195693928128872,538,-2.0576107231701,-105.432947498474,8.89106671495366e-48,3.15750475083434e-46
"Abhd4",0.542682926829268,164,0.299560281858907,-0.397424088164684,0.372638157667436,0.511573682114899
"Abhd5",0.539986422267481,491,0.214504511906135,-1.03778718406386,0.149673586688131,0.249406433428683
"Abhd6",0.268914473684211,608,-1.46666318786837,-67.3165622099707,3.97177503557667e-31,8.68356809081128e-30
"Abi1",0.558804448563485,1079,0.382333334206138,-5.31327212743599,0.00111475838095357,0.00365880599166767
"Abi2",0.438808373590982,207,-0.387023123109247,-1.58425380445308,0.0750710140196026,0.142297838491831
"Abi3bp",0.682291666666667,96,1.0759488532333,-6.02612335989703,0.000517299950140561,0.00183612758611499
"Abl2",0.493445692883895,712,-0.0470851360697413,-0.190902717708923,0.536638578258635,0.676416551600368
"Ablim1",0.484632898605942,4668,-0.0832516193587973,-16.9636893428205,5.72079728811470e-09,4.03764368010787e-08
"Ablim2",0.507989482200647,824,0.0783162436630267,0.0500157709471978,1,1
"Ablim3",0.436827956989247,124,-0.384143491333059,-1.21099532290386,0.119642807499509,0.207772968677026
"Abra",0.380471109375019,2242,-0.714125617808095,-67.1210841704719,4.83617597945276e-31,1.05390951863919e-29
"Abraxas1",0.637529137529138,143,0.796466605914867,-4.75538087759502,0.00204270347656099,0.00633870815287905
"Abraxas2",0.449264705882353,340,-0.30844486552374,-1.93637759877885,0.049075896188081,0.0999992153049179
"Abtb2",0.474460397092969,2258,-0.178525869354193,-4.88442958904443,0.00177492553787634,0.00558261490638518
"Abtb3",0.536309523809524,280,0.193823269139677,-0.469442314205395,0.332564851846038,0.466982277320211
"Acaa2",0.420287836583101,718,-0.402294368748653,-10.3330324124429,5.46764973938454e-06,2.71843444820363e-05
"Acaca",0.469362745098039,680,-0.237039197300849,-1.4735126755271,0.0860357859268141,0.158989456584133
"Acacb",0.476481107320208,3468,-0.119043097812188,-8.26460419142859,4.79063924290913e-05,0.000207322557489777
"Acad10",0.498319584479071,1091,0.00823223369709902,-0.147301787496417,0.587285442157537,0.724873094476165
"Acad11",0.621387283236994,692,0.690572688681755,-17.4692466521362,3.40286456415599e-09,2.47454246528874e-08
"Acad12",0.329456434852118,417,-1.00915999928548,-25.1682027543058,1.29524261903852e-12,1.22446034633613e-11
"Acadl",0.447905535245594,2032,-0.284644083413976,-10.6973681455479,3.73795995060732e-06,1.92254307957673e-05
"Acadm",0.528124557114512,1792,0.222226603849812,0.179003397934139,1,1
"Acadsb",0.4449423815621,781,-0.281878942448353,-5.54094171176916,0.000871752128992983,0.00293293247609068
"Acadvl",0.434782608695652,161,-0.429392792255913,-1.56091357880459,0.0772501178636647,0.145810683661675
"Acap2",0.538978494623656,372,0.239827014672469,-0.747354164357375,0.22148737063398,0.341595411694686
"Acat1",0.528508057215282,1841,0.184000186654035,-1.14838169780023,0.129643897963306,0.221982102839211
"Acbd3",0.492986261749819,461,-0.0920605529887686,-0.104319875559611,0.647835648435783,0.779120744006626
"Acbd5",0.490280777537797,463,-0.0377549219954183,-0.228217484544189,0.499294825259747,0.640287899721708
"Acbd6",0.429393468118196,643,-0.365455470428284,-7.22697081715114,0.000143628959850081,0.000572707031628261
"Acer2",0.509868421052632,152,0.139162747671625,0.0609266732943041,1,1
"Acer3",0.502346130408288,547,0.0658879356564572,0.0716855724527363,1,1
"Acin1",0.476565232598811,953,-0.0869973306119727,-1.58823940003231,0.0747055578081335,0.141805346156163
"Ackr3",0.499924142318798,973,0.129011450818821,1.03138819230207,1,1
"Acly",0.57984496124031,129,0.415037499278844,-1.25402481993935,0.11326603379043,0.199056635534623
"Aco1",0.520547945205479,292,0.0976966738871337,-0.105991132483553,0.64521814185166,0.777600656784202
"Aco2",0.490644356136377,2820,-0.0792065330977695,-1.75627027498331,0.0609059918639142,0.119462600055696
"Acot11",0.460942578548212,923,-0.226068079479846,-3.22861794752089,0.01105014054495,0.0279986951067211
"Acot13",0.446039603960396,1313,-0.237713220620204,-8.87716083632336,2.5134587846758e-05,0.000113681505139784
"Acot7",0.508991228070175,608,0.019899557437705,0.0270806680907754,1,1
"Acox1",0.529592369863306,2233,0.18263314494588,-1.44117193800503,0.0895555785158563,0.164144468322891
"Acsf2",0.541804788213628,181,0.356143810225276,-0.138696202471039,0.598415442492175,0.734961473011433
"Acsl1",0.486269562773153,2228,-0.0616091493407969,-1.89802069276038,0.0513739063823043,0.10401087453558
"Acsl6",0.278463648834019,243,-1.41990325445066,-25.8747238392662,6.30545596902143e-13,6.07205458595005e-12
"Acsm5",0.128976143141153,1006,-2.74934931862204,-426.313250125386,1.9523635036446e-187,3.12006281820538e-185
"Acss1",0.554153962465062,2811,0.421633267943951,-7.77173458028119,8.06297018898973e-05,0.000336349632743935
"Acss2",0.587024087024087,429,0.516714199748884,-5.27397946131441,0.00116316463033949,0.00380815290020852
"Acss3",0.241721854304636,151,-1.75207248655641,-21.9084101217302,3.60592673252243e-11,3.08711482508808e-10
"Actb",0.503194888178914,313,-0.00841223981619965,-0.00892336717316766,0.89372547136295,0.985977212982925
"Actc1",0.394123050010635,2944,-0.579681879970381,-78.4261240895171,5.5136062559817e-36,1.40179262083898e-34
"Actc1dt",0.415123973727422,1450,-0.427534808353944,-21.0195457320406,8.94668880773204e-11,7.39534178294304e-10
"Actg1",0.187758478081059,403,-2.13750352374993,-107.889379546978,7.53674187109733e-49,2.76429570703854e-47
"Actl6a",0.627415458937198,276,0.754887502163468,-7.91192958206736,6.95203248290441e-05,0.000292368684368762
"Actn1",0.616724738675958,287,0.570748641501456,-6.82550883898341,0.00022012198329415,0.000853529030543232
"Actn2",0.509990526535862,4344,0.0771854955486602,-0.653545436660352,0.252922044797905,0.378846856657785
"Actn4",0.483,500,-0.125077133050118,-0.503349577940526,0.315694919808888,0.448928877490944
"Actr10",0.451987447698745,478,-0.230297619421794,-2.7644632419657,0.0187045781473378,0.0442614409721155
"Actr1a",0.458817829457364,344,-0.264415636232155,-1.47932579380677,0.0854191484931648,0.158117298589664
"Actr1b",0.513513513513513,259,0.0319428925027543,0.00594489858133329,1,1
"Actr2",0.491956751054852,632,-0.0421534514149453,-0.226491013573764,0.500922228530043,0.642129487756617
"Actr3",0.505109126984127,1008,0.0323729747744927,-0.00441110757151364,0.925167425627124,1
"Actr3b",0.512840809146878,758,0.0862010350493039,-0.0623811838186157,0.723925638298604,0.844307364771543
"Actr6",0.460194730813287,291,-0.28590887208638,-1.23447314113912,0.11611574488032,0.202802206514887
"Acvr1",0.481697171381032,601,-0.0775609832936528,-0.691499460206728,0.239590981918575,0.363256081011402
"Acvr2a",0.478786149162861,876,-0.125077133050117,-1.31630608341288,0.104689350256238,0.18663344460023
"Acyp2",0.43711873850417,4304,-0.397054988182355,-107.816765631431,8.10707772908618e-49,2.95732096291448e-47
"Adal",0.480645161290323,310,-0.121015400961365,-0.40178089685412,0.370030580806646,0.509058781213686
"Adam10",0.45382326007326,936,-0.263034405833794,-4.78117166890843,0.00198609416022812,0.00617903615852346
"Adam17",0.409832285115304,795,-0.515990358642037,-13.9404861910233,1.29012251978884e-07,7.92976405936142e-07
"Adam19",0.255892626151548,1429,-1.46935845854259,-164.48484203482,1.61136004149573e-73,8.51610125867666e-72
"Adam22",0.833545579586416,1004,2.47259698793888,-207.314878685294,3.60048339721471e-92,2.49138603733043e-90
"Adam9",0.463285024154589,345,-0.267104070142841,-1.14757981631789,0.129777867564427,0.222154819457392
"Adamts1",0.517577093219033,701,0.182706840886277,0.278440212015312,1,1
"Adamts17",0.384210526315789,190,-0.701776165703906,-5.64856307043624,0.000776271547514734,0.00264349803496646
"Adamts2",0.53125,192,0.145050332803284,-0.217627384571415,0.509421713594384,0.65081370300207
"Adamts3",0.637005649717514,531,0.794885570095387,-17.967453099841,2.04020725101261e-09,1.52662999652136e-08
"Adamts6",0.522974822112753,1044,0.127262185592831,-0.53215694421624,0.302233345125199,0.434573738749
"Adamts7",0.620500782472613,213,0.640750278906903,-5.43157238728065,0.000980969728548874,0.00326924966138036
"Adamts9",0.537556526405247,899,0.414081755593086,1.95833066898695,1,1
"Adamtsl4",0.424176776429809,577,-0.406182701392703,-7.62554198021337,9.41227218204797e-05,0.000388531186260184
"Adamtsl5",0.427862636311177,1953,-0.405235492762754,-18.8347946715285,8.38008685856653e-10,6.45776613027538e-09
"Adar",0.532526115859449,351,0.242856523896164,-0.418593866838762,0.360202321002889,0.498182150952275
"Adarb1",0.463635651629073,1064,-0.224168046226299,-2.86869711731651,0.0166074130043005,0.0400823286892718
"Adat1",0.499451754385965,304,-0.00841223981619965,-0.0234546499564772,0.82853134887993,0.929607799740228
"Adck1",0.567169868862458,1093,0.439820600208732,-6.37148726801684,0.000357348918684576,0.00132223039813168
"Adcy5",0.393312516263336,732,-0.673882757027137,-17.1151597468897,4.89601779724864e-09,3.48484320839161e-08
"Adcy6",0.438293413173653,1670,-0.346900623118824,-13.3579625468142,2.35671167012465e-07,1.40357131587193e-06
"Adcy8",0.211426491994178,916,-1.9488352393735,-150.294765059818,2.45094196019775e-67,1.22766585349607e-65
"Adcy9",0.546810386881309,1269,0.28410444883551,-3.48456434158879,0.0082927866997025,0.0216412069706078
"Add1",0.547126436781609,464,0.283354390213389,-1.39435402894912,0.0949307343847473,0.172023512200438
"Adgra3",0.454218106995885,486,-0.288469453210064,-2.46950376679541,0.02625710910728,0.0590806960536585
"Adgrl2",0.577452718676123,1128,0.445345137705303,-10.3035132814971,5.63887726245848e-06,2.78705038185724e-05
"Adgrl4",0.499036608863198,173,-0.0274807364221079,-0.00626591712048707,0.910866480453783,1
"Adh5",0.541916167664671,167,0.336283387864432,-0.317135629826652,0.425792902639588,0.568027336964741
"Adhfe1",0.582849031396126,998,0.458719938096241,-10.4379914517933,4.90000013406526e-06,2.45989535526148e-05
"Adipor1",0.588037634408602,248,0.509364881826997,-3.11674396163934,0.0125356583223521,0.0313368114188556
"Adipor2",0.524967061923584,506,0.216180592403185,-0.0685350710911621,0.711211236866712,0.831936183661445
"Adk",0.48566764831031,4433,-0.0665922973419921,-10.6164089071572,4.06740189749308e-06,2.06508332344732e-05
"Adnp2",0.457575757575758,165,-0.292781749227846,-0.747170863797862,0.221544036335769,0.341604312401949
"Adora1",0.544326241134752,188,0.207442079870477,-0.514895199413928,0.310207902037134,0.443191877069656
"Adprhl1",0.483643824417289,2589,-0.0110230100953737,-1.87498511358672,0.0528084520409471,0.106255953374118
"Adprm",0.616417910447761,335,0.694261143211969,-7.89305865304351,7.09209889453497e-05,0.000297513548625742
"Adra1a",0.346698017676171,3021,-0.929334313313065,-180.554006697733,1.6155419770112e-80,9.94818142174239e-79
"Adra1b",0.490138088120151,669,-0.00570235936418317,-0.261626877295384,0.469457013525008,0.61243838188141
"Adrb1",0.453020134228188,298,-0.258152184454048,-1.62786584359992,0.0711741654037366,0.136297003763161
"Adss1",0.349315068493151,657,-1.00796337831042,-28.4761082886293,4.46530721184283e-14,4.72730946465128e-13
"Adss2",0.483298538622129,479,-0.166850857852363,-0.259437168374916,0.471322253240922,0.613559923148384
"Aebp2",0.451697530864198,864,-0.255334881002897,-4.84760644879907,0.00184748676365963,0.0057918408022809
"Afap1",0.475459688826025,707,-0.227104548685769,-0.844567552672856,0.193715020559719,0.30701658040067
"Afap1l1",0.545012165450122,411,0.358596804934759,-0.908513441390141,0.177667582977795,0.287221166091213
"Afdn",0.519157088122605,261,0.0898855035171957,-0.076765039373015,0.695184459035386,0.819904777551487
"Aff1",0.51222036661961,2114,0.033446483093142,0.022078508537561,1,1
"Aff4",0.484873617693523,844,-0.132938831818128,-0.382610366200879,0.381699629889431,0.520936949129292
"Afg1l",0.496004094132019,1923,-0.0545175384060905,-0.243603485845597,0.485175862806921,0.626250075223088
"Afg2a",0.51638608305275,1188,0.0920398170145114,-0.271381981641525,0.461289502408773,0.604249637035067
"Afg3l1",0.521640091116173,439,0.0860709501236672,-0.161766740712267,0.569491849951008,0.708021009008274
"Afg3l2",0.42148505158521,1897,-0.451243593624517,-21.643358689651,4.72782045541601e-11,3.99158879204431e-10
"Aftph",0.491576283441793,922,-0.102468156858074,-0.219349884207077,0.507750690269807,0.649518321534391
"Agap1",0.414992942125429,1653,-0.43342486785149,-24.2775515368121,3.21137594659819e-12,2.95270621281741e-11
"Agap3",0.496890547263682,268,-0.0099154688650831,-0.0520570667730169,0.746947281511927,0.863910839555071
"Agbl3",0.164576802507837,319,-2.3450117080004,-96.020641871728,1.13965944430222e-43,3.50889641750297e-42
"Agfg1",0.502139495079161,779,0.0303736490435189,-0.0138919147457273,0.867618049670743,0.963988139279924
"Agfg2",0.385819521178637,181,-0.573185332944803,-5.20196851088477,0.00125746926784677,0.00408498939897598
"Aggf1",0.482758620689655,261,-0.059297183683773,-0.263129801838318,0.46818365873165,0.611490312785918
"Agl",0.507222893252305,2516,0,0.206106023293614,1,1
"Ago2",0.487695749440716,596,-0.080761011963836,-0.413767906006569,0.362986043809822,0.501515505568449
"Ago3",0.49747880410531,1494,-0.0450438941930598,-0.183001329695344,0.545191264802465,0.684625588279541
"Ago4",0.394144144144144,370,-0.65367525080517,-9.01615297724931,2.17187829371847e-05,9.93704642633836e-05
"Agpat3",0.639763779527559,508,0.869265523308602,-16.917338494517,5.99998031838318e-09,4.22579935959999e-08
"Agpat5",0.504283489096573,428,0.0350469470992003,-0.00066683932146816,0.97086807833464,1
"Agps",0.515186028853455,878,0.130879801879296,0.0438197632261108,1,1
"Agrn",0.493233082706767,665,-0.0114651864934543,-0.216294966308624,0.510720836615043,0.6518270118578
"Agt",0.295384615384615,65,-1.21412480535285,-5.59667145465403,0.000820913162053078,0.00277720218936505
"Agtpbp1",0.596551734841341,1988,0.609507070962477,-22.2757050852656,2.47764979385262e-11,2.15693714868207e-10
"Agtr1a",0.591827266238401,934,0.569123907224383,-11.7902638177607,1.19793672345864e-06,6.6505800561244e-06
"Ahctf1",0.518242122719735,201,0.0539388071108045,-0.0227176920717227,0.831205462458074,0.932060489934263
"Ahcyl1",0.461165048543689,309,-0.15999588419858,-1.15217245422906,0.129012662546137,0.221183394893913
"Ahcyl2",0.553013798111837,459,0.408723725346642,-1.67254986224344,0.0674053941768469,0.130269221340339
"Ahdc1",0.558580858085809,404,0.304854581528421,-2.12714519704213,0.039151301615206,0.0831497016719326
"Ahi1",0.538394415357766,191,0.247927513443586,-0.396453405100118,0.373222614719322,0.512179552238006
"Ahnak",0.552976190476191,560,0.334938960407517,-2.23330704108525,0.0345634197525535,0.0748595267438332
"Ahsa2",0.469973890339426,383,-0.198127142958811,-0.965686151006651,0.164608386332559,0.269207915615344
"Aida",0.634751773049645,423,0.770241749040505,-13.6779431356936,1.69248465551487e-07,1.02434238122775e-06
"Aifm2",0.563758389261745,298,0.439421657905803,-1.86713763554019,0.0533067871377327,0.107124297984569
"Aig1",0.353623526338758,2265,-0.852211733533375,-86.7285129536335,1.30065122958665e-39,3.53440123602656e-38
"Aimp1",0.614942528735632,174,0.529109265987639,-3.86853377767002,0.00540985836903332,0.0149797728436269
"Airn",0.317802654463613,3918,-0.681754616033701,-333.397024909187,4.97516065656395e-147,5.85846988190478e-145
"Ak2",0.489720998531571,227,-0.0824621601919731,-0.127982818360124,0.612905463800343,0.748375745502619
"Ak3",0.435179714426391,677,-0.399270183420527,-6.35073309315783,0.000365368989260563,0.00135041666074719
"Ak6",0.439437984496124,172,-0.263034405833794,-1.35065664970642,0.100265623834055,0.179941943094701
"Akap10",0.479442344045369,1058,-0.0886428527095906,-1.62641282953632,0.0713004426046359,0.136458486892836
"Akap11",0.515263417035943,677,0.0358897871232893,0.00192115269283022,1,1
"Akap13",0.480842161664545,2207,-0.119068631454162,-2.79099844128496,0.0181460208533311,0.043098404800976
"Akap6",0.5165209615331,4257,0.0701678339127311,-0.72314241265849,0.229125020481872,0.350555536237594
"Akap7",0.454822097378277,356,-0.282933963271499,-1.92908568679894,0.0495042549637157,0.100719175300533
"Akap8l",0.580769230769231,130,0.442943495848728,-1.2456249936767,0.114480769029804,0.200730125843272
"Akap9",0.531494252873563,725,0.17645304443981,-0.773004754384942,0.213725513646069,0.331912458952433
"Akirin2",0.536697247706422,218,0.222392421336448,-0.378978380090928,0.383968706643606,0.523182695694658
"Akr1a1",0.42406798245614,304,-0.45567948377619,-4.01948644602538,0.00457814882451459,0.0129383304884808
"Akr1b1",0.394607843137255,374,-0.590124205836934,-8.62984893239263,3.26029196092461e-05,0.000144825146536902
"Akr1b10",0.41059379217274,247,-0.421296489750525,-4.4698810743418,0.00279029051557468,0.00834600264729825
"Akr1e1",0.511363636363636,176,0.0462936522739348,-0.00489530990293474,0.921179906033211,1
"Akt1",0.477777777777778,225,-0.0489096004809468,-0.280903973645621,0.453532709008253,0.596300008396355
"Akt2",0.395366218236173,446,-0.624088832010977,-10.6711857729679,3.84146287352087e-06,1.96673522555851e-05
"Akt3",0.398381294964029,278,-0.654225163158269,-6.03596894111769,0.000511864667724686,0.00182068661884901
"Alas1",0.546505376344086,620,0.329752311333875,-1.48572764870732,0.0847455859223289,0.157173907905684
"Alcam",0.402219873150106,86,-1.31550182572793,1.17279313543877,1,1
"Aldh2",0.699600798403194,334,1.30812229536233,-24.9461002340542,1.62429043891407e-12,1.52692400924247e-11
"Aldh4a1",0.61522633744856,243,0.603341030036011,-5.68413326788877,0.000747095702759251,0.00255451164387167
"Aldh5a1",0.637218045112782,266,0.83871909296694,-9.11408172916049,1.95959668424732e-05,9.03352537408516e-05
"Aldh6a1",0.58383893102203,923,0.558759545763936,-9.19288409332353,1.80400382917837e-05,8.36798458980321e-05
"Aldh7a1",0.481907894736842,304,-0.0335525597110262,-0.2701480996692,0.462309997771358,0.605350118033819
"Aldh9a1",0.571853146853147,858,0.450502179933647,-6.7057213414364,0.000250093992758476,0.000959217645368511
"Aldoa",0.539835164835165,182,0.208586621811417,-0.421978921117415,0.358267273839871,0.495914609612955
"Alg14",0.65748031496063,127,0.954196310386876,-5.8596786098209,0.000618533154765737,0.00216116321436108
"Alg6",0.537234042553192,188,0.190822342335578,-0.349331731789704,0.403233154581327,0.543692433417008
"Alg9",0.526021080368906,253,0.134542123378828,-0.179449295445181,0.549118567072082,0.687499313969001
"Alkbh1",0.598511904761905,560,0.512393874770511,-9.00325773767656,2.20150185279339e-05,0.000100588702763439
"Alkbh3",0.53087219343696,772,0.186815999140198,-0.82664400104386,0.198512006603302,0.312969803173635
"Alkbh8",0.516011644832606,458,0.0777023569932433,-0.0798450123735961,0.689442063842234,0.814706889526245
"Alms1",0.510582010582011,189,0,0.0349751901039497,1,1
"Alpk2",0.503859305021444,3068,0.0798664130313917,0.83521181394417,1,1
"Alpk3",0.47741364586273,2347,-0.128135945475917,-3.76703786808366,0.0060542788213589,0.0164120837839099
"Alpl",0.299715909090909,704,-1.12143139442649,-57.6536633923247,6.73993480704879e-27,1.29623044197454e-25
"Als2",0.499327956989247,248,-0.0305883198334227,-0.02907632936612,0.809439928230934,0.914277879661398
"Ambra1",0.547223868800632,1687,0.248259053153395,-4.08063480601322,0.00427944031635709,0.012217610975495
"Amd1",0.457647566674032,1587,-0.383904221063584,-1.98398323678566,0.0463737438605708,0.0956529752860562
"Amfr",0.482954545454545,572,-0.104652152407943,-0.580012126138968,0.281460510780792,0.411223976569585
"Ammecr1l",0.46710182767624,766,-0.0923147499836796,-1.83066653464664,0.0556890593017051,0.110981284451617
"Amn1",0.349280575539568,695,-0.881637803676607,-33.223693459199,3.59358428190307e-16,4.33815426261392e-15
"Amotl1",0.514767932489452,237,0.0786098346963664,-0.032207149880179,0.799650286896705,0.906439015225446
"Ampd3",0.697594501718213,388,1.26578501684983,-28.007332996278,7.19324247206004e-14,7.45077831365231e-13
"Amph",0.588068181818182,88,0.561878887608114,-1.06261837161139,0.144890391861602,0.243186874262334
"Amy1",0.726413427561837,566,1.40717538150587,-54.3616593184355,1.86596496449093e-25,3.3221105680804e-24
"Amz2",0.534031413612565,191,0.128007612376072,-0.238312494686937,0.489955048012101,0.631690027325628
"Anapc1",0.489661992089177,927,-0.0785690523741098,-0.588623457000949,0.27791718260189,0.407088305566867
"Anapc10",0.500026288117771,634,-0.0351418061202571,0.0212461171656741,1,1
"Anapc11",0.485102420856611,179,-0.0582986405646668,-0.173841450732539,0.555427723114355,0.693974474598576
"Anapc16",0.512586719524281,1009,0.0773870540162176,-0.0776687057223171,0.693486042249602,0.818333037197491
"Anapc4",0.458568738229755,354,-0.204358498506187,-1.52880807964277,0.0803594839956548,0.150620736268873
"Anapc5",0.540721349621873,573,0.250196100504555,-1.2746084246985,0.110348941499278,0.195167877560778
"Anapc7",0.462698412698413,315,-0.180572245641821,-1.19222946263886,0.122547316301124,0.211807363899929
"Angel2",0.385655496766608,567,-0.656698254320071,-15.8579617210789,1.78453043205216e-08,1.20017718035412e-07
"Angpt1",0.439454205590009,1769,-0.210955538336537,-13.1558968270188,2.90509250941362e-07,1.71797188750522e-06
"Ank",0.484419266728094,3517,-0.083026586385475,-3.93281097586805,0.00503834932833267,0.0140964571453809
"Ank2",0.492739596897351,4550,-0.0610076298719551,-5.85110534070736,0.000624258882533839,0.00217890047819403
"Ank3",0.558340848372615,3241,0.26799712423024,-17.5582586627261,3.10555434815973e-09,2.27064060837125e-08
"Ankhd1",0.499438229106904,1992,0,-0.190654197092954,0.536903836458047,0.676623835956893
"Ankib1",0.468341085271318,1075,-0.285043026767553,-1.93200495484825,0.0493322923164457,0.100460663236645
"Ankle2",0.534742468415938,343,0.196538994046887,-0.526502298373146,0.304816114697882,0.437163624327389
"Ankmy2",0.418032786885246,183,-0.526545814495834,-2.78810780727002,0.0182060225519685,0.0432172643919592
"Ankra2",0.183899371069182,795,-2.16444987137616,-167.088847880241,1.18276019379293e-74,6.3509491365905e-73
"Ankrd1",0.447608125479672,1479,-0.220897537120468,-9.68403508239271,1.07794370489329e-05,5.14957875248665e-05
"Ankrd10",0.635931700074239,898,0.858857899186717,-25.9092919686882,6.08729130883906e-13,5.87038782542065e-12
"Ankrd11",0.51624316786463,2544,0.0805146056899453,-0.252280665284161,0.477502740285056,0.618609360677365
"Ankrd12",0.519182782283219,916,0.139438079910934,-0.229005281811169,0.498555209481954,0.639583823784953
"Ankrd13c",0.492923165800116,577,-0.00846157874819653,-0.201675647982256,0.525363563665786,0.66583086089969
"Ankrd16",0.29936974789916,476,-1.2684888359259,-41.1747246191798,1.14033244276011e-19,1.61134975911703e-18
"Ankrd17",0.514233807758988,3336,0.104671530302844,0.0348843395036056,1,1
"Ankrd23",0.585555829937852,1157,0.607158246835352,-8.52159516028632,3.65391718091668e-05,0.000160856772577187
"Ankrd28",0.527953783804848,1222,0.116151279498679,-0.891412668819157,0.181802773633397,0.292049500948793
"Ankrd33b",0.548847299572594,1103,0.250201590786227,-3.29550602235554,0.0102494888696469,0.0262374406152061
"Ankrd39",0.403196347031963,365,-0.575743970691778,-7.67589901927039,8.92359635358147e-05,0.000369039918208495
"Ankrd40",0.519351717464925,689,0.104772321917062,-0.197957577927241,0.529206416777108,0.669184903807074
"Ankrd44",0.486489151873767,338,-0.0703893278913981,-0.292265180623588,0.444542022660425,0.587008864075697
"Ankrd50",0.650602409638554,166,0.893084796083488,-6.84364875758095,0.000215909952059648,0.00083962201519372
"Ankrd52",0.493723849372385,239,-0.0110551885089958,-0.0670831739852815,0.714150744119957,0.834792719354433
"Ankrd55",0.053125,80,-4.56071495447448,-65.7799531519413,1.86752744047139e-30,4.00474254966261e-29
"Ankrd6",0.235272988505747,464,-1.72348236480258,-70.8024634238311,1.18649828269616e-32,2.71801244827872e-31
"Ankrd9",0.539080459770115,435,0.294447358465255,-0.738513064691176,0.224240392221102,0.344595716703492
"Anks1",0.564931087289433,1306,0.400072149672216,-6.91902599667242,0.000199259677819739,0.000779843123921919
"Anks3",0.517844396859386,467,0.138030150892446,-0.0530364365368996,0.744660192240521,0.861900191467215
"Anks6",0.142184557438795,177,-2.56768450928932,-56.1520559741184,3.06499361283428e-26,5.65171349707244e-25
"Ankzf1",0.560606060606061,187,0.381090167355507,-1.10219662182482,0.137618032406764,0.23302024054344
"Ano10",0.526287553648069,466,0.129592907407094,-0.349871557441702,0.402870024827097,0.543517184235311
"Ano4",0.367440866996741,1745,-0.754089771957415,-55.2938834858155,7.28477166900286e-26,1.31793497149184e-24
"Ano5",0.818172043010753,465,2.11262885511091,-95.9819806255016,1.18481902808533e-43,3.63128096644235e-42
"Ano6",0.590961337513062,319,0.65550149353731,-3.92898126999421,0.00505973774084019,0.014138617700466
"Anp32b",0.421951219512195,205,-0.472068444315222,-2.85752727984863,0.0168200418382998,0.0405226564316827
"Antxr2",0.548046515903659,1554,0.229937625941498,-4.35002705334773,0.00318200605070111,0.00937174464443565
"Anxa11",0.426907630522088,415,-0.41325087980483,-5.27981712492345,0.00115584064093788,0.00378623835137875
"Anxa4",0.425,300,-0.362570079384708,-3.82834083216906,0.00565624430455373,0.0155465650172664
"Anxa5",0.530881017257039,367,0.14613250532055,-0.377612983655297,0.384826685744102,0.524032605947335
"Anxa6",0.532604032604033,777,0.199857507519143,-1.02787620084371,0.151632335157203,0.251857518825822
"Anxa7",0.48015873015873,462,-0.124121311829188,-0.586937660201102,0.278606394993963,0.407675195814144
"Aopep",0.440700920213544,3558,-0.272600850539919,-41.5144311206977,8.08640301856816e-20,1.15398414792521e-18
"Aox1",0.807991799652016,1672,2.17546206626904,-262.809696629073,2.53501757884892e-116,2.2388207880571e-114
"Ap1ar",0.483870967741935,279,-0.0835233555622832,-0.276476045856043,0.457113973640071,0.599599177461824
"Ap1b1",0.508130081300813,615,0.0625656863814932,0.0202000280391985,1,1
"Ap1g1",0.539163311935589,1313,0.204091604593504,-2.44746603810358,0.0269356330070628,0.0603847590993338
"Ap1m1",0.425039494470774,422,-0.460097221897495,-5.34288023779135,0.00107963343086305,0.00355569165257742
"Ap2a2",0.505376344086022,403,0.0504049534372433,0.0160473740641009,1,1
"Ap2b1",0.555436637195595,1228,0.337288960527217,-5.04790248212907,0.0014860723240337,0.00476153340910053
"Ap3b1",0.506619937694704,1070,0.0105847506411658,0.0489844357971378,1,1
"Ap3d1",0.532608695652174,322,0.168929008968589,-0.427422803380352,0.35518514347393,0.492562537809302
"Ap3s1",0.500361532899494,461,0.0213736507925661,-0.0198936741744546,0.84189693671337,0.941466139448384
"Ap3s2",0.490497076023392,228,-0.0574854946607601,-0.102480461753601,0.650745981595537,0.781434887429297
"Ap4b1",0.594202898550725,253,0.498026863949875,-3.81732877032428,0.00572572557671624,0.0156669670081204
"Ap4e1",0.578497023809524,448,0.46126051603949,-4.41671273379126,0.00295762705509404,0.00879167085641772
"Ap4m1",0.561224489795918,196,0.362570079384708,-1.15451720428732,0.128623929931638,0.220580454616465
"Ap4s1",0.60505698005698,468,0.684186879623999,-8.45189213010156,3.93231090081702e-05,0.000172394975612566
"Apaf1",0.470534069981584,181,-0.14155414421402,-0.470355451611539,0.332095082582827,0.466673984235398
"Apba1",0.495238095238095,140,-0.0369942074822021,-0.0504344931172795,0.750789298275986,0.867050545428151
"Apba3",0.44238683127572,243,-0.359730127599747,-1.92588787597407,0.0496933523704844,0.100981465670812
"Apbb2",0.717758016707087,1237,1.35390215590973,-97.9282977552284,1.67518134907708e-44,5.27878742488515e-43
"Apc",0.456936438697616,1834,-0.252566502654636,-8.01839615200288,6.21234548635867e-05,0.000263906727243287
"Aph1a",0.52801724137931,232,0.172639386139348,-0.212340718049376,0.514610293833538,0.655420169299944
"Api5",0.493031358885017,287,0,-0.073560486937879,0.701301982392748,0.824367584206676
"Apip",0.566964285714286,336,0.403578383903779,-2.39104949739681,0.0287570480825719,0.063723112159202
"Aplp2",0.444961456066663,941,-0.412508672968105,-4.72194552634869,0.00211853554915877,0.00653174579970311
"Apmap",0.371382636655949,311,-0.77853208689185,-11.0392823924645,2.61715925244853e-06,1.3820907082954e-05
"Apobec2",0.475757575757576,255,-0.0588936890535692,-0.39573313633224,0.37365712481458,0.512509403083255
"Apoe",0.475234270414993,249,-0.1405983301728,-0.512744090114978,0.31122072522862,0.444071749093218
"App",0.51921768707483,392,0.292511606910627,0.867170449118646,1,1
"Appbp2",0.548583333333333,800,0.204013892021593,-2.42336405828587,0.0276986252631968,0.0618473628631327
"Appl1",0.451153483992467,708,-0.258003206171987,-4.02611927194835,0.00454474630429641,0.0128654896320502
"Appl2",0.78239390994493,1029,1.82507431749932,-149.91158173237,3.59996378944469e-67,1.78984866331502e-65
"Aptx",0.538461538461538,143,0.259643816633019,-0.268672129489715,0.463535440348176,0.606836332283393
"Aqr",0.465902140672783,654,-0.212993723334198,-2.05799580411417,0.0424796153624951,0.0887128743973451
"Arap2",0.488274706867672,398,-0.0256485873706103,-0.210300728896698,0.516637081018601,0.657502481569369
"Arb2a",0.501188112571302,1511,0.0308251261371391,-0.0372838887096805,0.784798629499172,0.893110953068573
"Arc",0.308139534883721,86,-1.12928301694497,-6.8392649357083,0.000216920360846574,0.000843062803707127
"Arcn1",0.456571815718157,492,-0.24355703133449,-2.44569385678687,0.0269909829819114,0.0604684505255639
"Arel1",0.496232269503546,376,-0.0203677976939618,-0.080280848701193,0.688639901428926,0.814332455671415
"Arf1",0.497797356828194,227,0,-0.0307735300702916,0.804067248805391,0.909442425155786
"Arf3",0.542929292929293,132,0.317482189856171,-0.267125677873295,0.464824964776851,0.607931637486793
"Arf4",0.478763693270736,1065,-0.146704905188269,-1.7712123997112,0.0598179536504133,0.117672363687448
"Arfgap1",0.617283950617284,351,0.671839951401124,-8.36345356562236,4.31644492792857e-05,0.000188276032960009
"Arfgap2",0.362442922374429,292,-0.791134569599273,-11.6068744670772,1.44957257856099e-06,7.95546291684496e-06
"Arfgef1",0.512338887990077,1766,0.0748024923935713,-0.00808381025171911,0.898820128366758,0.991271886558936
"Arfgef2",0.546684823199155,1849,0.256313764607844,-4.39563548521983,0.00302675302306538,0.00896934494075709
"Arfip1",0.543174603174603,525,0.238610931894576,-1.46312349101959,0.0871498700129872,0.160436074472619
"Arglu1",0.490870786516854,712,-0.042749647459337,-0.333678805758041,0.413974383553071,0.554559041364485
"Arhgap1",0.708616780045351,147,1.29090119926674,-11.9024065795879,1.06615527880994e-06,5.95839652903609e-06
"Arhgap10",0.51082731235639,2992,0.0975604855580526,0.397504046599352,1,1
"Arhgap12",0.548043078539532,1269,0.283726308803689,-4.02936824115955,0.00452847534711653,0.0128303615575543
"Arhgap15",0.503030303030303,55,-0.0703893278913981,0.0506705666022214,1,1
"Arhgap17",0.493723849372385,478,-0.0435563659867393,-0.149208949035312,0.584875960653278,0.722297598510543
"Arhgap18",0.447450248756219,268,-0.301463992327647,-1.89774239727325,0.0513909891091381,0.10401087453558
"Arhgap20",0.80702479338843,1089,2.05453537669056,-190.024204372628,1.21456818765602e-84,7.76398254814023e-83
"Arhgap21",0.494099097918542,3024,-0.0494151124513907,-0.554716598129744,0.292205192267235,0.424060810918418
"Arhgap24",0.364160313520382,1465,-0.831538708413835,-50.2146502853725,1.22699456083578e-23,2.06405701562149e-22
"Arhgap26",0.491655237893373,4346,-0.0613321199775444,-6.10981330470258,0.000472893942416246,0.00169554708413346
"Arhgap29",0.628104575163399,918,0.683402317750797,-25.9401044002091,5.89920435372356e-13,5.70539764008538e-12
"Arhgap32",0.541398713826367,622,0.23386064580214,-1.38767196523418,0.0957260921311073,0.17309092952155
"Arhgap35",0.601605897589161,1195,0.535263031596943,-19.607329986271,3.79678710648682e-10,3.00874085699404e-09
"Arhgap39",0.447994987468672,266,-0.266645659386173,-1.81044830423639,0.0570581149692126,0.113038390694615
"Arhgap42",0.510531840447866,1429,0.0934808022673614,0.0732905491013298,1,1
"Arhgap44",0.571559074299635,821,0.397519738020814,-6.62840305292809,0.000271591986962484,0.00103223409767395
"Arhgap5",0.466721672167217,1515,-0.19893682381012,-4.12990786998625,0.00405322417038204,0.0116210369149221
"Arhgef1",0.423469387755102,196,-0.406909618395444,-2.64231741340978,0.021514403572907,0.0497873323119122
"Arhgef10",0.548387096774194,279,0.245756414401958,-0.94952925182298,0.168183740292115,0.273793176046733
"Arhgef10l",0.405506263048017,958,-0.60478005190385,-17.2495895869217,4.26431111686616e-09,3.06774450336609e-08
"Arhgef11",0.509392076502732,976,0.0235739728937356,0.0272212639608824,1,1
"Arhgef12",0.500330143637696,3216,-0.0269124982084154,-0.22531491327436,0.502036011449336,0.643434353417595
"Arhgef18",0.482954545454545,264,-0.228531558433854,-0.00537984783909451,0.917384449463827,1
"Arhgef3",0.547379912663755,1145,0.326055980510039,-2.8254562551042,0.0174462913432873,0.0417021038091682
"Arhgef7",0.469420289855072,1035,-0.195882791317971,-2.5441695083025,0.0240872513188216,0.0549349748052771
"Arid1a",0.458154993514916,1028,-0.30170191416529,-3.56643041166535,0.00756838787138631,0.0199838785966738
"Arid1b",0.550777164189375,2768,0.319251705646941,-8.3315490017053,4.46409943507624e-05,0.000194061110156941
"Arid2",0.518058096346804,1718,0.115294377923982,-0.182668187106174,0.545557383383632,0.684939026767416
"Arid3b",0.515587529976019,139,0.09192248944104,-0.0342222594612736,0.793615168026158,0.901276302579842
"Arid4a",0.541996481970097,379,0.281020151307156,-0.817830177793155,0.200921925978391,0.315730287529124
"Arid4b",0.494852778698486,1724,-0.0442196553720646,-0.343661280508968,0.407076572693898,0.547993974312363
"Arid5a",0.435006435006435,259,-0.297493876577167,-2.65386918048017,0.0212309002690974,0.0491894382485956
"Arid5b",0.492635442070825,797,-0.0782756203865449,-0.262158349527681,0.469006087208867,0.612078988595997
"Arih1",0.49725097768576,2415,-0.00472241024240305,-0.409386151840863,0.365539360036789,0.504316584700293
"Arih2",0.496778711484594,595,0.0503316755501446,0.0696408532020314,1,1
"Ark2n",0.490051457975986,1166,-0.0691703998280149,-0.576734444169688,0.282824165448699,0.412587654529812
"Arl1",0.491150442477876,113,0.0234589728239882,-0.0143080598837457,0.865668433900238,0.962355648988365
"Arl13b",0.534584778616609,377,0.127755547198372,-0.510519918886644,0.312272483642674,0.445193906161773
"Arl15",0.53552023675424,1641,0.216133430864765,-1.9746004672138,0.0468936301563052,0.0964307737773041
"Arl3",0.507859848484848,528,0.107246515214532,0.114376532685128,1,1
"Arl5a",0.535816618911175,349,0.155119066666906,-0.536138567466537,0.300431660889701,0.43309650083584
"Arl5b",0.508583690987124,233,0.0225425686510876,0.00771363058711927,1,1
"Arl6ip5",0.485364583333333,640,-0.0577925751925359,-0.539592564890881,0.2988799195452,0.431230012894966
"Arl6ip6",0.520833333333333,472,0.123735368422245,-0.156393578704638,0.575974889126126,0.714724247700972
"Arl8b",0.451344936708861,632,-0.278884570488135,-3.71202897771332,0.00643575097627603,0.0172925382517073
"Armc1",0.441402714932127,442,-0.383107010387403,-3.40019979824712,0.0091137472707893,0.0235637410175415
"Armc2",0.439866369710468,449,-0.325703138578745,-3.93224174759609,0.00504152255586144,0.0140994580812258
"Armc8",0.496858465608466,504,-0.0557877781857465,-0.0392699084220567,0.779286044687875,0.889855041161112
"Armh3",0.513441659849781,1921,0.0583772845838959,-0.0756912541364727,0.697217669497042,0.821148446686111
"Armt1",0.484848484848485,165,-0.0648511443499684,-0.14609717065909,0.588817764214535,0.726005350677206
"Arnt",0.485453808752026,1234,-0.0854125618539281,-0.94590622911187,0.16899763592154,0.27505143848336
"Arpc1a",0.436781609195402,174,-0.410632320158843,-1.64607553088672,0.0696117694379996,0.133889537791588
"Arpc2",0.482280385078219,554,-0.0689179406747291,-0.605799378970801,0.271015722970378,0.399177742996969
"Arpc3",0.55440414507772,193,0.324962154976996,-0.869590187396852,0.187242712184597,0.299231686710241
"Arpc5",0.49492385786802,197,-0.0677446066358351,-0.0333470877814932,0.796212308796286,0.903190301950426
"Arpp19",0.506836659275684,451,0.0658378133627462,0.0140382502756324,1,1
"Arrdc2",0.728855721393035,201,1.45490196015678,-20.1006773283147,2.29089333979269e-10,1.84370216986673e-09
"Arrdc3",0.444652391849188,874,-0.429987840744815,-4.31068610750776,0.00332241463398804,0.00974652404865721
"Arrdc4",0.45771144278607,134,-0.17687776208408,-0.562908074997722,0.288669524335916,0.419928445457882
"Arsg",0.327731092436975,119,-0.966833136064801,-7.59518511018601,9.71978239426559e-05,0.000399749873960237
"Art1",0.376785307976897,2889,-0.781381700631988,-89.0599137772651,1.24723965636956e-40,3.48811357231354e-39
"Art3",0.528386092729103,2618,0.181514501772558,-1.85769587732329,0.0539129718942804,0.10805131900699
"Art5",0.549152542372881,295,0.269839583738908,-1.06479328097072,0.144479720792424,0.242801173249562
"Arv1",0.551892551892552,273,0.21800065221929,-1.03539455359123,0.150143818044058,0.249941792339216
"As3mt",0.310296191819464,709,-1.05208851114845,-53.2548622869033,5.70120482043083e-25,1.00436973109532e-23
"Asah1",0.444794952681388,317,-0.374124306012791,-2.28132888594189,0.0326763273847473,0.0713015310163926
"Asap1",0.475612340310997,3053,-0.168327412770498,-6.32898450063112,0.00037396824381396,0.00137840464166903
"Asap3",0.529221732745962,227,0.236298023361666,-0.145643431152621,0.589397056456551,0.726410768074986
"Asb10",0.48275641025641,520,-0.0868774506799666,-0.521602887610925,0.307077063762484,0.439748506928481
"Asb14",0.572174529088181,1714,0.41989016124014,-11.5665196239825,1.51170731877996e-06,8.28292206012335e-06
"Asb15",0.514881407108298,1309,0.052749565484163,-0.0826128519213398,0.684390208224184,0.810449378546352
"Asb18",0.892985565315662,927,3.02974734339405,-428.537134107435,2.10674975398477e-188,3.44890349969409e-186
"Asb2",0.586842583277442,1704,0.518981519154557,-16.978664935009,5.63340586522743e-09,3.98434353713451e-08
"Asb3",0.528098290598291,1248,0.143610003897195,-1.10432706212146,0.137238354951582,0.232435992539746
"Asb4",0.480830670926518,313,-0.08746284125034,-0.391881631693195,0.375992665493017,0.514823086656289
"Asb5",0.505971769815418,307,0.0335525597110262,0.000143154027000492,1,1
"Asb7",0.401658767772512,422,-0.599912842187128,-8.91826900929095,2.4071620782698e-05,0.000109168053171263
"Asb8",0.513935483870968,775,0.0415619906417311,-0.0180244651274961,0.849414481942778,0.947999667908202
"Ascc1",0.416522241478914,577,-0.552309283402405,-8.82412591127979,2.65759435065572e-05,0.000119636306382302
"Ascc2",0.554837164750958,348,0.276709342730871,-1.62878489945552,0.0710944166911946,0.136183140648202
"Ascc3",0.475758086253369,1484,-0.142293882465122,-2.36847031143407,0.0295215252197443,0.0651161607870273
"Ash1l",0.518686501726408,2556,0.13478183924025,-0.0695268073909574,0.709223665631096,0.830479630794822
"Ash2l",0.534749034749035,259,0.166249343298914,-0.39008700361407,0.377087927479259,0.515708274241504
"Asph",0.457015270010031,3436,-0.225432293249341,-21.5307547174416,5.30456416870165e-11,4.45052933754069e-10
"Asrgl1",0.733213429256595,278,1.40690961839544,-28.8165237123067,3.15873666955061e-14,3.3922304841638e-13
"Asxl1",0.451394318477978,1279,-0.356833709835564,-5.31677411679038,0.00111054430496522,0.00364675801121653
"Asxl2",0.534456087824351,1336,0.161482386684375,-1.62969904035594,0.0710151894303622,0.13610906666379
"Atad1",0.470660464784716,1336,-0.187380914468839,-2.86957347020098,0.0165908484801548,0.0400567535966904
"Atad2",0.234607218683652,157,-2.63941028474353,-18.1548129206151,1.68330418788629e-09,1.26521138959606e-08
"Atad2b",0.511389132340053,1630,0.0661669239657461,-0.0309977053975672,0.803369463174328,0.909157955964607
"Atad3a",0.560399126909885,1069,0.388811773042942,-5.21264492316641,0.00124301348008263,0.00404220275112144
"Atcayos",0.508024074568995,2266,0.0414459382884982,-0.00585106376820477,0.913855787081223,1
"Ate1",0.513016378525933,1570,0.0765294077545153,-0.153700522248528,0.57927940437981,0.717498313747423
"Atf1",0.625786163522013,901,0.824970464974576,-22.9083240884222,1.29855248124286e-11,1.14985280397125e-10
"Atf2",0.501398719245029,989,-0.0324214776923775,0.00628823002716672,1,1
"Atf3",0.54269098398351,622,0.084770103478752,-0.554851134710589,0.292146677703928,0.424060810918418
"Atf6",0.480606895198298,3083,-0.116426898520013,-4.10199168167719,0.00417985225175291,0.0119638244408382
"Atf7",0.470462420042644,1072,-0.170179019409495,-2.78047479251359,0.0183654499719168,0.0435425292163566
"Atf7ip",0.524058577405858,478,0.178873958169795,-0.287250111084802,0.448476169045741,0.591157118349375
"Atg10",0.504882829755279,2156,-0.0238714036188423,0.341120473742649,1,1
"Atg12",0.466666666666667,290,-0.227805917522812,-0.826527215617489,0.198543716018078,0.312969803173635
"Atg13",0.609959141981614,979,0.673771767679012,-17.9631128102151,2.04931694631311e-09,1.53003507715835e-08
"Atg16l1",0.418712493180578,611,-0.393957781160016,-8.91391246163255,2.41820977316799e-05,0.000109521079605287
"Atg2b",0.532536520584329,502,0.15417093012776,-0.648065505159821,0.254921150287376,0.3810758932581
"Atg3",0.548929663608563,327,0.292781749227846,-1.13376101968828,0.132110986122965,0.225271520621971
"Atg4b",0.484259259259259,360,-0.0288548626721852,-0.259559501601984,0.471217732250229,0.613559923148384
"Atg4c",0.558204467353952,388,0.300448367476911,-1.96988932522305,0.0471569820492275,0.0967648008298425
"Atg4d",0.493627450980392,340,-0.0157673158583167,-0.0948062536884891,0.663239320072768,0.792579379625079
"Atg7",0.448554421768707,392,-0.226388809046743,-2.49608804497115,0.0254621690901326,0.0576009703178194
"Atg9a",0.45376121463078,483,-0.256062445226084,-2.51733369877803,0.0248448570555153,0.0563564314148762
"Atl1",0.508845437616387,358,0.0144270706352803,0.0211142100314419,1,1
"Atl2",0.553499308437068,1205,0.352646679985337,-4.14354106424139,0.00399280954267607,0.0114724904325521
"Atl3",0.507629107981221,284,0.0983020736118032,0.0593241314042814,1,1
"Atm",0.457300275482094,484,-0.285402218862249,-2.12726905144052,0.0391455921255179,0.0831497016719326
"Atosa",0.455528674912626,2982,-0.274943134294058,-16.549252105272,8.76060905519178e-09,6.07450495645116e-08
"Atosb",0.461187214611872,219,-0.235812937098769,-0.870945049939763,0.18689951669826,0.298909462432299
"Atp10d",0.772247360482655,663,1.77207944731007,-92.8741570185405,2.69424012414002e-42,7.93146478650343e-41
"Atp11a",0.420732574679943,1406,-0.468701209890134,-17.7636387031507,2.51503820728278e-09,1.86118373178413e-08
"Atp11b",0.563008130081301,820,0.37925292413887,-4.55425290056996,0.00254423616455099,0.0076957697775873
"Atp13a3",0.392970737913486,524,-0.711202498101124,-12.4151683854848,6.26043991337328e-07,3.56404348588307e-06
"Atp1a1",0.477454218135522,2743,-0.140218976007214,-3.81095203334553,0.00576635737714806,0.015758872441131
"Atp1a2",0.535469011725293,1592,0.214033353732209,-1.72540596056569,0.0632207068437082,0.123368796603474
"Atp1b1",0.416971532525689,1191,-0.526598338207167,-15.5302300669834,2.5011480513547e-08,1.65233324022567e-07
"Atp1b3",0.456484220907298,676,-0.230612928141416,-3.13917978531583,0.0122221186543639,0.0306315116949952
"Atp2a2",0.532827671474011,5191,0.147173237635573,-21.3221936792852,6.56525386745581e-11,5.47403527433086e-10
"Atp2b1",0.483578689099194,951,-0.0841109547038781,-1.0217083118273,0.152865962328556,0.253467475086282
"Atp2b2",0.211783439490446,157,-1.79701297783614,-28.4486565461825,4.5917278148008e-14,4.83825386074458e-13
"Atp2c1",0.439755773554057,1631,-0.316113965219515,-12.5941298534708,5.19977737161114e-07,2.99321661391543e-06
"Atp5f1a",0.530725803543332,2921,0.190826630946185,-3.18204499632202,0.0116452802663523,0.0293625549014865
"Atp5f1b",0.558757284096117,1697,0.32839759021692,-7.51159102273368,0.000106198597064538,0.000433843568774911
"Atp5f1c",0.501238324075808,2289,-0.033451081170468,0.0164251727046576,1,1
"Atp5f1d",0.581127060074428,627,0.464185148607932,-6.64772995336284,0.000266049576151392,0.00101346467373902
"Atp5f1e",0.466117216117216,182,-0.192645077942395,-0.548654044573965,0.294857626083539,0.42685457430244
"Atp5mc1",0.440492424242424,600,-0.354842717360097,-4.71497547582851,0.0021346999854548,0.00657856120402784
"Atp5mc2",0.477072310405644,378,-0.202940058670276,-0.555609663683697,0.291817047366107,0.423680731542571
"Atp5mc3",0.554718875502008,332,0.305292093295501,-1.47182197319717,0.0862160331992334,0.159197253049038
"Atp5mf",0.548523206751055,395,0.267933205246633,-1.40173127363659,0.0940609754481774,0.170585589626632
"Atp5mj",0.485639686684073,383,-0.105353000146229,-0.309637121136234,0.431317109949435,0.573350879004609
"Atp5mk",0.574583333333333,720,0.468098743030257,-6.23236638239121,0.000414707846591208,0.00151018493528508
"Atp5pb",0.508986254295533,1940,0.0424636552111843,-0.00981507875440002,0.888574925335911,0.981424205834233
"Atp5pd",0.553661616161616,528,0.297493876577167,-2.19387898527953,0.0361978841023838,0.0777223922249519
"Atp5pf",0.535840395480226,944,0.227805917522812,-1.24878457674004,0.114022170969859,0.200187499751424
"Atp5po",0.468023255813953,344,-0.246160587269398,-0.895848993114726,0.180719417047766,0.290764801546522
"Atp6v0a1",0.503271166370634,1126,0.0316653598542471,-0.0126288370806833,0.873726678544799,0.969331151469867
"Atp6v0a2",0.532797858099063,249,0.138519864081428,-0.296184567022266,0.441504448818925,0.583976356094533
"Atp6v0b",0.472663683413565,2107,-0.149049971065076,-3.81873611770652,0.00571679753540911,0.0156589594690811
"Atp6v0d1",0.491904761904762,700,-0.0770554266650292,-0.267846486363396,0.464223199982958,0.607306148200278
"Atp6v0e",0.415591397849462,310,-0.49276880251141,-4.94646864024133,0.00165914324195654,0.00524608203921664
"Atp6v1a",0.475723622782446,357,-0.108524456778169,-0.667704041341779,0.247845388313979,0.372823452793237
"Atp6v1b2",0.539105793450882,794,0.281570357271221,-1.02811638136598,0.151584525683736,0.251840429799316
"Atp6v1c1",0.538713910761155,254,0.217591435072627,-0.549371327960245,0.29454220442226,0.426714283635271
"Atp6v1d",0.590507726269316,302,0.46948528330122,-4.04509862161672,0.00445053183856531,0.0126522531556334
"Atp6v1e1",0.551742919389978,306,0.303069067636047,-1.26493476127058,0.111709453108201,0.196981853812552
"Atp6v1g1",0.4,90,-0.480625840906421,-1.82453562582461,0.0561004868415567,0.111602391132344
"Atp6v1h",0.490288713910761,889,-0.0196288067489321,-0.422867893906414,0.357761468398746,0.495316620439847
"Atp8a1",0.609568568435406,1562,0.600265825141199,-28.5519327379789,4.13392353579616e-14,4.39033145130757e-13
"Atp8a2",0.633397932816537,258,0.744345124531804,-8.03440569768708,6.10817917504555e-05,0.000259877060813736
"Atp9a",0.363970588235294,272,-0.899473124046036,-10.8261073884612,3.26832419040393e-06,1.69659643975183e-05
"Atp9b",0.49570581257414,1405,-0.0403360370800421,-0.263627606261707,0.46776311647679,0.61105995285952
"Atpaf1",0.626401630988787,654,0.765820456838392,-17.864531902852,2.26755757931677e-09,1.68547579981995e-08
"Atpaf2",0.439974457215837,261,-0.358686644897481,-2.20799210192106,0.0356037342810702,0.0767166178152627
"Atpsckmt",0.400627615062762,478,-0.578108829680093,-10.3618787226879,5.30536700678222e-06,2.64558865895411e-05
"Atraid",0.74869109947644,191,1.52946738812945,-22.9756054932151,1.21234961704293e-11,1.07778683835657e-10
"Atrn",0.430749471139317,1103,-0.445676771629212,-10.9157767237793,2.97664525163753e-06,1.55965986955434e-05
"Atrnl1",0.511511299435028,1180,0.070647898559872,-0.0402192947638014,0.77670392553469,0.887897037109945
"Atxn1",0.513057642875184,3543,0.00407212580282387,0.639396862866306,1,1
"Atxn10",0.5423402617398,433,0.223324696031822,-1.00447681277672,0.156373139085084,0.258534245098407
"Atxn2",0.521656324804202,2049,0.128677102669433,-0.377728627573106,0.384753912655408,0.524032605947335
"Atxn2l",0.441489361702128,470,-0.330877051614845,-3.81797844191016,0.00572160237301146,0.0156620697910493
"Atxn3",0.511380323054332,454,0.0830956157634626,-0.0216693065411846,0.835088985471086,0.935433456355462
"Atxn7",0.536926406926407,1375,0.138476767682784,-1.97213372887154,0.047031326355373,0.0965364717117013
"Atxn7l1",0.522957040488545,1349,0.105891168590738,-0.651419991069815,0.253695119139439,0.379750588685083
"Auh",0.479453093593539,1303,-0.206337986114742,-0.453853629430341,0.340723483125617,0.476544283963147
"Auts2",0.631249525832638,1883,0.830671030394667,-44.0391510176109,6.29139909595399e-21,9.46813245113076e-20
"Aven",0.524258760107817,371,0.139499412988103,-0.192860582612866,0.53455715806004,0.674172800619878
"Avil",0.964788732394366,142,4.98185265328974,-88.7239276557229,1.74855219764133e-40,4.82974582327927e-39
"Avl9",0.478600823045267,405,-0.0756170466446955,-0.588621606496758,0.277917937974404,0.407088305566867
"Axin1",0.50445632798574,374,0.086255733350419,0.113016025845752,1,1
"Azi2",0.54625322997416,645,0.21169253267924,-1.87132451312732,0.0530402930091391,0.106652620334734
"Azin1",0.49474021492655,644,0.0416691793010737,0.0330897128039851,1,1
"B130024G19Rik",0.352941176470588,68,-0.945552215977623,-3.01413368835517,0.0140785458908393,0.0347153563627161
"B130034C11Rik",0.752941176470588,170,1.47031993478003,-21.5752502534307,5.06869286092494e-11,4.26329153916394e-10
"B230110C06Rik",0.740864527629233,374,1.60299642355142,-41.6239591180262,7.23817088529571e-20,1.03808980730993e-18
"B230216N24Rik",0.481329690346084,183,-0.0671141958585375,-0.250538033409356,0.479027688997532,0.619983387688282
"B230219D22Rik",0.524179620034542,193,0.196397212803504,-0.0589761253451115,0.731266138928375,0.849904244412336
"B230369F24Rik",0.421177587844255,351,-0.549773072258857,-4.58202628327911,0.00246815382530286,0.00750282992546774
"B3galnt2",0.46320395738204,876,-0.280277978135691,-2.43435512944461,0.0273479324037195,0.0611864407645883
"B3galt1",0.528684807256236,441,0.149377624038226,-0.476761725473182,0.328824051898769,0.463280234329247
"B3galt2",0.521630094043887,319,0.174395705487538,-0.0232867736823437,0.829136591310724,0.930007486777671
"B3gat3",0.483720930232558,215,-0.0882271830117354,-0.216491887610545,0.510528475505423,0.651705425559605
"B3glct",0.647540983606557,183,0.97893838447217,-7.26417725684747,0.000138065783578841,0.000553252262317123
"B3gntl1",0.552083333333333,344,0.318529518425498,-1.4082417799865,0.0933006010962841,0.169435507185676
"B430010I23Rik",0.649922839506173,432,0.836199100988424,-17.1180801813332,4.88134509563071e-09,3.47808792801203e-08
"B4galt1",0.605509280243726,1977,0.632206245394012,-28.297803057641,5.35313243592469e-14,5.60533929952052e-13
"B4galt6",0.399853801169591,456,-0.605330298415118,-9.90006409730017,8.59769100719774e-06,4.15462217712824e-05
"B930046K06Rik",0.533854166666667,96,0.238786859587117,-0.093596049259375,0.665263957232478,0.79422187731023
"BB218582",0.864958448753463,361,2.65092576309951,-117.845348742791,3.4226356206101e-53,1.39228668397182e-51
"BC004004",0.449706129303107,397,-0.323377311524433,-2.30730870282133,0.0317005661666599,0.0693979778573454
"BC005537",0.550561085089774,1464,0.29176612437711,-4.67295909953646,0.00223482656375051,0.00686191944002442
"BC034090",0.371965203637802,843,-0.764862839943525,-28.9735959071568,2.69249643335614e-14,2.89615962511e-13
"Babam1",0.464975845410628,276,-0.213403638109193,-0.899248475714586,0.17989431238568,0.28989278263483
"Babam2",0.561659792239536,2182,0.391355389026386,-8.64890398622947,3.19555267303392e-05,0.00014223176088464
"Bace1",0.46165780141844,376,-0.162729500038108,-1.33982581383333,0.101637960573053,0.181966922210277
"Bach1",0.433400918025401,1691,-0.408179173774728,-14.3742397709852,8.24145980328583e-08,5.17461910193213e-07
"Bach2",0.488153572196125,1034,-0.0730860362208285,-0.705060356704962,0.235036355163463,0.357562106948587
"Bag2",0.66996699669967,404,1.01389444165838,-21.6178754363458,4.85258757904585e-11,4.08664590094803e-10
"Bag3",0.513856590615261,2547,0.0997018922320001,-0.104453281405767,0.647625781943091,0.779120744006626
"Baiap2l1",0.660443199836325,931,0.676844601728635,-40.5931974224845,2.0540118642423e-19,2.87818948492575e-18
"Bak1",0.460199004975124,268,-0.287439718502071,-1.03605901951482,0.150013061098775,0.249786074446782
"Bank1",0.505226480836237,41,0.565597175854226,1.0378115133048,1,1
"Banp",0.51825551232166,1028,0.128675722655323,-0.200820858087809,0.526242622011126,0.66644159979975
"Baz1a",0.536608863198459,346,0.191760802682785,-0.630248688715255,0.261556964828972,0.388603891225102
"Baz1b",0.577951327951328,1628,0.437450887169202,-13.2531871325396,2.62669956962062e-07,1.55745649393053e-06
"Baz2a",0.523285568065507,977,0.140743976030366,-0.527441330231113,0.304385240155733,0.436814319012043
"Baz2b",0.462423064463881,1470,-0.181897643108389,-5.02490870749079,0.00152363042081792,0.00486286608869705
"Bbip1",0.59013209013209,429,0.562823523451907,-5.74877719192091,0.000696878214329906,0.002404856850685
"Bbof1",0.593342391304348,368,0.538419914784126,-5.37286857320589,0.00104519799332893,0.00346266975874815
"Bbs2",0.380829015544041,193,-0.682517810143829,-6.04352104574394,0.000507734601059535,0.00181079417763634
"Bbs7",0.414666666666667,125,-0.502500340529183,-1.98615128782818,0.0462544815171706,0.0954967948149029
"Bbs9",0.474597273853779,538,-0.192645077942396,-1.02434264319049,0.152337689516606,0.252778880602092
"Bbx",0.526024096385542,1245,0.140372656364552,-0.784558003559141,0.210335437348725,0.327785339095575
"Bcam",0.509771986970684,307,0.00826761598360104,0.0347508853845966,1,1
"Bcap29",0.465281385281385,660,-0.254741199034308,-1.86070195826971,0.0537191855090285,0.107791681057279
"Bcar1",0.469444444444444,360,-0.145850866463454,-1.01039941091773,0.155157498859544,0.256759648014117
"Bcar3",0.429577464788732,71,-0.527247002864869,-0.731184276606498,0.226553634882443,0.347096096172325
"Bcas2",0.55748031496063,254,0.331205908475374,-1.22957801530879,0.116841546864319,0.203872481336656
"Bcas3",0.466439733243194,2254,-0.189264024037545,-6.15372484371073,0.000451153987874618,0.00162367054510158
"Bcat2",0.438103161397671,601,-0.339206086319198,-5.40805442834574,0.00100620741721854,0.00335003183748554
"Bckdha",0.628324056895485,539,0.661451643192186,-15.1986825140239,3.52005982524103e-08,2.28940325068002e-07
"Bckdhb",0.436875294672324,1414,-0.462393308504709,-8.33258918934689,4.45920628300628e-05,0.00019397402833142
"Bcl11a",0.322128851540616,238,-1.08650899325468,-15.8066184152344,1.88142773015167e-08,1.2628142924778e-07
"Bcl2",0.365669347209082,302,-0.815362500658971,-11.4480885503767,1.70991593753494e-06,9.30061245764546e-06
"Bcl2l11",0.554891774891775,385,0.198099508034503,-1.42113047144687,0.0918149400951297,0.167416973082997
"Bcl2l13",0.492962054127103,1339,-0.101509264885903,0.351438308277011,1,1
"Bcl6",0.457828282828283,330,-0.276709342730871,-1.45021043858833,0.0885564277794052,0.16257952496044
"Bcl7a",0.605925925925926,225,0.551904212141861,-4.17973970791269,0.00383680470449454,0.0110963147440495
"Bcl7b",0.485685071574642,163,-0.0797271924707346,-0.151278782518162,0.58228348202709,0.720023347709254
"Bcl9",0.697674418604651,301,1.16349873228288,-22.2004834841902,2.67554914106406e-11,2.32019196832326e-10
"Bcl9l",0.445443645083933,278,-0.270089163367745,-1.9662313615635,0.0473625369852152,0.097127206918657
"Bclaf1",0.507510288065844,1458,0.0664563021716886,0.0430767517495951,1,1
"Bcs1l",0.5470737913486,262,0.207941265038908,-0.809915647624592,0.203115312649383,0.318381592364003
"Bdh1",0.567149346961953,587,0.387849487833066,-4.15752054484949,0.00393181145837162,0.0113348845243112
"Bdnf",0.465684639614601,257,-0.0404142684459083,-0.473603416876415,0.330431294243418,0.465056583552489
"Bdp1",0.506163862750689,1503,0.00547513006615086,0.0371708443153693,1,1
"Becn1",0.510330578512397,242,0.110182917750422,0.0324406078606216,1,1
"Bend6",0.0845454545454545,220,-3.41895254928223,-110.738455109298,4.30761221449825e-50,1.62430860582653e-48
"Bend7",0.45075016307893,511,-0.311358853177174,-3.10338627905367,0.0127262446925191,0.0317305179703521
"Best3",0.963936781609195,580,4.8035332111052,-414.873363086837,1.83964138958612e-182,2.80628931975047e-180
"Bet1",0.569642857142857,280,0.437063805608843,-2.204701266119,0.0357413571239798,0.0769637436689612
"Bfar",0.40406162464986,476,-0.600680734468087,-9.52540066034385,1.27284314422021e-05,6.01219084025762e-05
"Bhlhe40",0.446440677966102,295,-0.281094377378785,-1.887620514177,0.0520164061734163,0.104885503642207
"Bhlhe41",0.545542635658915,172,0.186413124230882,-0.4788950955014,0.327744266247156,0.461954669016142
"Bicc1",0.346115288220551,665,-1.0263754154243,-32.3157481475298,9.03003252445277e-16,1.06707004056562e-14
"Bicd1",0.618736383442266,459,0.643306486951961,-11.1213104688966,2.40280416941289e-06,1.27591942920089e-05
"Bicd2",0.520089285714286,224,0.085247286618511,-0.070012211712708,0.70825673331174,0.829781671144772
"Bicra",0.484135871593878,893,-0.0830557397275586,-0.795769507034265,0.207106389399975,0.323579628876312
"Bicral",0.518264840182648,1022,0.0764981374740432,-0.229389723168197,0.498194953611306,0.639243840305694
"Bik",0.701086956521739,184,1.27722828741655,-13.9942290808033,1.22041192138387e-07,7.53579099938226e-07
"Birc2",0.509698825931598,653,0.0269670476002695,0.0176242092264829,1,1
"Birc6",0.585430415016865,2273,0.511166571386509,-19.3002514672012,5.20055208656373e-10,4.08258545087904e-09
"Bivm",0.556910569105691,123,0.326810316267109,-0.625500521068915,0.263361369766418,0.39082058675043
"Blcap",0.448991696322657,281,-0.237797114334771,-1.69652484636754,0.0654717475202147,0.126860961130393
"Blm",0.576530612244898,98,0.639824435755675,-0.731728151715387,0.226380986424936,0.346989993351032
"Blmh",0.479721166032953,263,-0.0975165059142631,-0.378126896813569,0.384503437003633,0.523804966342274
"Bltp2",0.559292476332835,669,0.300866479359533,-3.51514422167782,0.0080142443395768,0.0210041421348065
"Bltp3b",0.421785437108487,1718,-0.455707891952718,-21.1144998530312,8.11871478362015e-11,6.73582368697879e-10
"Bmal1",0.434615384615385,273,-0.337441094258687,-2.68129764569034,0.0205731349645087,0.0478803335235029
"Bmp1",0.513274336283186,226,0.0721497857558351,-0.0203254623903319,0.840213226176945,0.940075208217978
"Bmp2k",0.498567335243553,349,0.037670417966055,0.00252516122787938,1,1
"Bmper",0.433884297520661,121,-0.395928676331139,-1.24337170210826,0.114809065896687,0.201148120673078
"Bmpr1a",0.525052100076481,3453,0.133347626452894,-2.69166498366303,0.0203300381496949,0.0473638375774912
"Bmpr2",0.539831130690162,1135,0.15057800826797,-2.10341300847494,0.0402616050691055,0.0850868681435253
"Bms1",0.509625126646403,329,0.0723508442246841,0.00455028210160435,1,1
"Bmt2",0.54676511954993,474,0.296310560708092,-1.28756200593961,0.108555593958612,0.192503341255008
"Bnc2",0.404133109619687,1490,-0.482906496551229,-28.1782855232761,6.04509152095659e-14,6.28090623663477e-13
"Bnip1",0.512562814070352,199,0.0664954117869065,-0.0133213893204243,0.870340371322108,0.96637296481621
"Bnip3",0.495012910858939,1838,-0.025106037816722,-0.547946538380529,0.295169172190271,0.426885473764511
"Bnip3l",0.464285714285714,210,-0.204617719608472,-0.739420494370336,0.223955948437696,0.344385809002095
"Bod1l",0.492469879518072,664,-0.0639630587319653,-0.232735963232585,0.495077703062733,0.636712585757017
"Bola3",0.493333333333333,250,-0.116324117967232,0.0308892832119625,1,1
"Borcs5",0.566350710900474,211,0.37851162325373,-1.51825295562412,0.0814109758655017,0.15203964107102
"Borcs7",0.528963414634146,328,0.14359085362885,-0.313430882007651,0.428508781489827,0.570269834982268
"Bphl",0.467969598262758,307,-0.196065138906103,-0.820032063615372,0.200316669847524,0.314950922468161
"Bpnt1",0.436997319034853,373,-0.339357901013738,-3.52133427639455,0.00795903584466833,0.0209084338901815
"Bpnt2",0.75187969924812,133,1.59825932333461,-16.5495617511236,8.75781919136144e-09,6.07450495645116e-08
"Bptf",0.475,1146,-0.15754127698648,-1.95021030286216,0.048274020598612,0.0987550217183432
"Braf",0.506887663961619,1866,0.0887182164661318,0.473561583701667,1,1
"Brap",0.49543795620438,274,-0.0937144348221937,0.0351057232636549,1,1
"Brd1",0.488262910798122,426,-0.0834849855030813,-0.265568253975744,0.466129439524086,0.609400233363004
"Brd10",0.535294117647059,1224,0.203434263632563,-1.63846325976624,0.0702603897639792,0.13493211333214
"Brd3",0.612970711297071,239,0.628031222613043,-5.45147946600602,0.000960107714489946,0.00320290406543565
"Brd4",0.503472222222222,240,0.0221957461141962,-0.00273309141613254,0.941063189806965,1
"Brd7",0.573499538319483,722,0.434402824145775,-5.96956663832384,0.000549670451195555,0.00193974136089619
"Brd8",0.515659041394335,612,0.085247286618511,-0.0779830925447413,0.692897837926432,0.817782712882401
"Brd9",0.685654008438819,237,1.10433665981474,-15.1406241298616,3.73721524071891e-08,2.42125373510669e-07
"Brf1",0.472946859903382,483,-0.158117394814125,-1.03612316920396,0.150000444217841,0.249786074446782
"Bri3",0.564156206415621,478,0.328948522565135,-2.84335597805568,0.0170938541100737,0.0410350317549408
"Bri3bp",0.531217345872518,638,0.169925001442313,-0.608235054389866,0.270054508616664,0.398025002598825
"Brip1os",0.554442217768871,499,0.294183104404458,-2.09461193424158,0.0406817179646079,0.0858402542048371
"Brix1",0.599033816425121,207,0.509861045480437,-3.49856025151797,0.00816409372359877,0.0213468629033093
"Brk1",0.5,412,-0.0373131584680566,0.0272745320646095,1,1
"Brms1l",0.5465322009908,471,0.394278939112046,-0.76803488303176,0.215203761951982,0.333744836003167
"Brox",0.497735314932767,471,0.00533344430304084,-0.0700691118748864,0.70814363784836,0.829781671144772
"Brpf1",0.476058931860037,181,-0.114332675478995,-0.332434680983567,0.414846120558109,0.555331373579559
"Brwd1",0.537799897086255,2221,0.223347374236375,-2.62521768404167,0.0219412805560989,0.0506120051266623
"Bsdc1",0.369910083493899,519,-0.841302253980941,-16.7282523806232,7.28756360223213e-09,5.10053460877811e-08
"Bsg",0.582954545454546,440,0.486422132515609,-4.90385010740022,0.00173782688011673,0.00547876656615478
"Btaf1",0.329203109815355,1372,-1.0962153152593,-76.1846369382451,5.2616139139798e-35,1.3079982440975e-33
"Btbd1",0.501947040498442,642,0.0146840457571127,-0.0300067716817694,0.806474535954154,0.911749551174715
"Btbd10",0.532032032032032,333,0.0828930083483446,-0.240101116280528,0.488330727866589,0.629958840176926
"Btbd3",0.412765957446808,235,-0.513261035366967,-4.00527147202286,0.00465057922027302,0.0130989037878609
"Btbd7",0.491735744787742,1327,0.00161465606209488,-0.406384547891776,0.367302831106346,0.506333251670938
"Btbd9",0.423138040746014,1806,-0.528749156220987,-17.2987889216929,4.05410428263277e-09,2.92278710472944e-08
"Btf3l4",0.426412092283214,419,-0.45685767497347,-5.05767306665251,0.00147039816126313,0.00472668221187649
"Btg2",0.528166546627459,1535,0.188893593534455,0.0191991473507187,1,1
"Btg3",0.576013513513513,148,0.467126010427299,-1.50170645877863,0.0830893144522822,0.154571917573093
"Btrc",0.475743707093822,874,-0.129440938792958,-1.77245248622194,0.0597285883911543,0.117565479554671
"Bves",0.521902173913043,920,0.0971879186944915,-0.397637176400167,0.37251002676531,0.511515405001792
"Bzw1",0.563953488372093,172,0.382719779006115,-1.12864928692687,0.132985864190436,0.226328777968685
"Bzw2",0.558764031053751,1605,0.406764193885025,-4.86557168736181,0.00181171751903765,0.00568767445639884
"C030013E06Rik",0.606986899563319,229,0.492396381985083,-4.44373281501626,0.00287135019628029,0.00856555667441481
"C1d",0.505988023952096,167,0.112894056405934,0.0634718156278211,1,1
"C1galt1",0.503196930946292,391,0.0321326209408088,-0.00409043571931988,0.927931079480595,1
"C230053D17Rik",0.481762917933131,329,-0.131244533278252,-0.376366718255497,0.385612186145219,0.52499573902773
"C2cd3",0.576100628930818,265,0.462526425060163,-2.61080037550636,0.0223080071633284,0.0513883082310758
"C330018D20Rik",0.380653266331658,398,-0.665580960929441,-12.3579957258842,6.64306874588306e-07,3.7786675781667e-06
"C87436",0.435114503816794,393,-0.343732465205711,-3.8554152831569,0.00548904907384772,0.0151677634350209
"C920021L13Rik",0.476636225266362,438,-0.194128569117726,-0.589987771577569,0.277360974538298,0.40673953705507
"C9orf72",0.449029126213592,206,-0.316027493447678,-1.31855083479252,0.104393836242869,0.186258798422725
"Caap1",0.454027777777778,600,-0.228986925006117,-2.997559222532,0.0143455178917779,0.0353347215007754
"Cab39",0.595207073057236,1228,0.581586194380537,-14.7823703763338,5.40797995505962e-08,3.45369756977737e-07
"Cab39l",0.386660143509459,511,-0.515125823685353,-14.0817818387322,1.11483645864455e-07,6.90930961257821e-07
"Cabcoco1",0.449408941109041,997,-0.271986006678322,-5.93812676595576,0.000568541911781072,0.00199688817994482
"Cabin1",0.629032258064516,434,0.804984017594857,-12.8133922913969,4.14249279162005e-07,2.41148409517379e-06
"Cables1",0.433734939759036,166,-0.405638801276595,-1.68983925010249,0.0660049292511916,0.127783410768387
"Cachd1",0.54,125,0.359895945086382,-0.154072813017621,0.578820338725326,0.717370913650972
"Cacna1c",0.5782933271574,5459,0.428258456604252,-434.018616263829,8.71529140935631e-191,1.49992399845127e-188
"Cacna1d",0.38155737704918,122,-0.570315724756755,-3.60420805387918,0.00725625020922351,0.0192658035618308
"Cacna2d1",0.747982425977098,3885,1.54031352054827,-941.179640495186,0,0
"Cacnb2",0.529744703910958,4879,0.167075493392031,-18.1299588861621,1.72679009087157e-09,1.29644464093176e-08
"Cacnb4",0.554794520547945,73,0.387023123109247,-0.314710652323832,0.42756766260794,0.569524538881622
"Cacul1",0.474260958205912,654,-0.167678162425821,-1.23547912027061,0.11596720554484,0.202648238379841
"Cadm1",0.5625,104,0.401362562381767,-0.640597009678402,0.257677145607948,0.384350748188375
"Cage1",0.346491228070175,152,-0.828728572850171,-7.21312707071968,0.000145756046645639,0.000580257761023446
"Calcoco1",0.423177083333333,384,-0.448014821725117,-5.19360029872058,0.00126891862429733,0.00411448396438825
"Cald1",0.448924731182796,186,-0.34444553144879,-1.1653179179095,0.12685005390572,0.217899496415031
"Calm1",0.456818181818182,220,-0.235812937098769,-1.05950075234983,0.145481363180264,0.243873853562921
"Calm2",0.435146443514644,239,-0.304854581528421,-2.32029068086842,0.0312244231587616,0.0684621360936367
"Calu",0.459605026929982,557,-0.190864339134676,-2.39610255803461,0.0285888039935515,0.0634550437846288
"Camk1",0.315,200,-1.17730453180791,-14.7759529819816,5.44390946759692e-08,3.47333843598009e-07
"Camk1d",0.534658863545418,175,0.120294233717712,-0.194061016160816,0.533288196622878,0.673331522899315
"Camk2a",0.611111111111111,333,0.655665492064358,-6.81430410611074,0.000222764953423868,0.000862780362020197
"Camk2d",0.480849790144261,3929,-0.176051104239154,-15.0057727212052,4.29481537563095e-08,2.77180776934951e-07
"Camk2g",0.518242122719735,603,0.134395940338619,-0.137444585996263,0.600070770986173,0.736455479038068
"Camkmt",0.400779514519973,1179,-0.62523845831285,-21.9573519575229,3.43002356609331e-11,2.94403045724019e-10
"Caml",0.741071428571429,280,1.38224756416117,-31.2510844682076,2.66151363896941e-15,3.05891773026759e-14
"Camsap1",0.542832909245123,393,0.27500704749987,-0.916236871518436,0.175835638532785,0.284868164574476
"Camsap2",0.477382680212869,689,-0.129178659099003,-1.16075413609281,0.127596251998215,0.218978788906166
"Camta1",0.536133586177834,1695,0.252938528098287,-0.562201601766446,0.288972302064576,0.420277809633247
"Cand2",0.497126436781609,406,-0.00634152687382716,-0.0626868499513762,0.723277815247393,0.843845071430645
"Canx",0.447822580645161,620,-0.242523376442682,-4.15465070191544,0.00394425591928162,0.0113572911755548
"Cap1",0.53968253968254,252,0.22571277962806,-0.544435661803419,0.296721422401928,0.428668572355089
"Cap2",0.437973434523328,2826,-0.389959538030574,-25.7644309643501,7.05522386189011e-13,6.76495179442949e-12
"Capn15",0.531939605110337,287,0.219566377257684,-0.316072318642597,0.426569736493645,0.568646687456871
"Capn2",0.552036199095023,221,0.362570079384708,-0.846825500296347,0.193120385355614,0.306291121575349
"Capn7",0.488252252252252,925,-0.0619499125702863,-0.597628983335653,0.274271522052351,0.403177936052426
"Capns1",0.548034934497817,229,0.271673324107667,-0.777118963982446,0.212510896831313,0.330331898918891
"Caprin1",0.528188405797101,920,0.114902094812802,-0.718723977393438,0.230552763658716,0.352097872509056
"Caprin2",0.5859375,64,0.696607856550066,-0.589349569209361,0.277620984288568,0.40703190182282
"Capza1",0.485843199158116,905,-0.116287037840239,-0.508916367114807,0.31303364283893,0.445900214502313
"Capza2",0.507042253521127,284,0.0192362188629174,0.00703765145195234,1,1
"Capzb",0.517926356589147,344,0.101538026462062,-0.042908706831156,0.76956335605749,0.8819035762093
"Car14",0.620735524256651,426,0.825559517435194,-10.0787651303048,7.13189228887518e-06,3.48901319554885e-05
"Carf",0.403450655624569,483,-0.554030641169265,-9.70413045690248,1.05549510436002e-05,5.05673314808315e-05
"Carm1",0.408706952566602,513,-0.536463983029966,-9.52834639635307,1.2689196297466e-05,5.99787926398533e-05
"Carmil1",0.297752808988764,267,-1.15919859484925,-23.3875113131791,7.96217698378049e-12,7.15423452679178e-11
"Carmn",0.453453453453453,777,-0.210734216152073,-4.10787469972786,0.00415283611964007,0.0118915682743277
"Carnmt1",0.520945440956652,892,0.177193001906352,-0.0503098527167367,0.751087226939964,0.86720745096505
"Carns1",0.467182130584192,485,-0.169925001442312,-1.3811117347957,0.096514012896716,0.174187161753901
"Cars1",0.427631578947368,228,-0.45685767497347,-2.72648235408064,0.019535147929411,0.0458300988822814
"Casc3",0.433443344334433,606,-0.393663848486276,-5.84147668822095,0.000630753303494452,0.00219813923834619
"Casd1",0.441176470588235,306,-0.261540159153464,-2.45333756521558,0.0267530911526532,0.0600557685005379
"Casp7",0.650623885918004,187,0.818161677014188,-7.49230876642591,0.000108391140002757,0.000441189406730447
"Casp8ap2",0.579840319361277,167,0.499101764067318,-1.79848585296835,0.0578849241487714,0.114507400791793
"Casq2",0.451879944601124,1865,-0.25176957973798,-8.9666788870677,2.28776033596234e-05,0.000104246078580986
"Cast",0.625015913430936,1571,0.75393867276992,-36.7795382268241,9.76687816195811e-18,1.26799393081359e-16
"Castor2",0.426865671641791,335,-0.446256229889564,-4.04308692467782,0.00446042306132685,0.0126750040591134
"Casz1",0.52150249821556,934,0.149596595737955,-0.166984634347955,0.563331133687053,0.701759199945713
"Cat",0.467736588306209,1106,-0.18152013992092,-3.24254980268893,0.0108782443314657,0.0276990804069794
"Catsper2",0.497080291970803,274,-0.00939869800224891,-0.0374059902745216,0.784455220347356,0.892871534504232
"Cav1",0.404671717171717,132,-0.528694281074411,-2.55343997381732,0.0238311399639796,0.054387831158868
"Cav3",0.43554157414261,386,-0.499571009490512,-2.60577201966828,0.0224373998784818,0.0515929523755977
"Cavin1",0.495024875621891,134,-0.195256291398934,0.221950706822966,1,1
"Cavin2",0.461199294532628,189,-0.198328716445979,-0.696184490925219,0.238005442408847,0.361423649196421
"Cavin4",0.472533092659446,554,-0.229617405910595,-0.839359109534598,0.195094858132911,0.308693231444626
"Cbfa2t2",0.46000823723229,1214,-0.204394840720204,-4.57186342354316,0.00249572235507687,0.00757634031988962
"Cbfa2t3",0.586206896551724,145,0.523561956057013,-1.82641451183081,0.0559740586556152,0.111449979737908
"Cbfb",0.555993000874891,381,0.317571689843226,-1.82297010136875,0.0562060606528613,0.111746172719788
"Cbl",0.432453766350925,739,-0.380763196150677,-7.66148157658631,9.06083837868074e-05,0.000374484896537593
"Cblb",0.477134034646988,2123,-0.136388468915947,-2.83385042608506,0.0172800897160472,0.0413830570421702
"Cbll1",0.512820512820513,260,0.0703893278913981,-0.0123130694887266,0.875302240823071,0.970437502544508
"Cbx1",0.495033112582781,302,0.0172779914318362,-0.0393026170477242,0.779196527752705,0.889855041161112
"Cbx3",0.510170603674541,254,0.0605415419350512,-0.0054580323399307,0.916788460817243,1
"Cbx5",0.508239700374532,445,0.0222814473760069,0.0111900664795712,1,1
"Cc2d2a",0.431089743589744,312,-0.374124306012791,-3.46873107392332,0.00844087900114376,0.0219934704408684
"Ccar1",0.463287453679195,1889,-0.194387058884223,-6.47171387179651,0.000321046621122787,0.00120564213241648
"Ccbe1",0.37167350175013,2349,-0.754682986822018,-77.6538416443823,1.1993776799262e-35,3.0263996194228e-34
"Ccdc117",0.524492234169654,279,0.177642914603149,-0.159380145010346,0.572353619387637,0.710493340730501
"Ccdc12",0.51843137254902,425,0.127550049720511,-0.0875984102668781,0.675533932325316,0.803091654849562
"Ccdc122",0.679761904761905,140,0.959358015502653,-8.08046408533215,5.81819154368679e-05,0.000248895485285059
"Ccdc127",0.523809523809524,252,0.18844508941311,-0.103298915902997,0.6494471583397,0.780359707621923
"Ccdc138",0.443609022556391,133,-0.303780748177103,-1.0321453665772,0.150785068577144,0.250884824067871
"Ccdc14",0.529320987654321,162,0.138976413148811,-0.174178284092648,0.555044914446595,0.69388367773618
"Ccdc141",0.555236987933009,3672,0.35659788383379,-30.4553776822568,5.97216709200887e-15,6.72570226871872e-14
"Ccdc146",0.41884328358209,268,-0.573557737448906,-3.67611004928432,0.00669799937640431,0.0179111441491736
"Ccdc152",0.358620689655172,145,-0.865070419913891,-6.3112910229875,0.000381114534959896,0.0014024346264533
"Ccdc159",0.646341463414634,123,0.818553128662468,-3.8236948369385,0.00568545301663179,0.015594841097011
"Ccdc171",0.83112582781457,151,2.06413033741972,-33.8519673711394,1.89984021717339e-16,2.33548123400509e-15
"Ccdc174",0.620629370629371,286,0.819427754358179,-7.2509681863103,0.000140015545018886,0.000559395439384977
"Ccdc186",0.487992315081652,694,-0.0883198029867867,-0.447225439125418,0.344274005413983,0.480209294334715
"Ccdc191",0.553030303030303,429,0.241972790305963,-1.72628838991716,0.063153241931145,0.12329393829024
"Ccdc25",0.487704918032787,244,-0.0768155970508309,-0.167732017754588,0.562459242280784,0.701063404677552
"Ccdc28a",0.578580481622307,263,0.527737632028206,-2.46389109739286,0.0264282147662142,0.0593860654539102
"Ccdc47",0.542028985507246,805,0.256884562981483,-1.82068799411013,0.0563603362264189,0.11198655321247
"Ccdc50",0.298648648648649,1258,-1.19406715301159,-98.7614838125774,7.25090591492337e-45,2.31752764290313e-43
"Ccdc57",0.447385620915033,306,-0.2720795454368,-2.06055782871499,0.0423511403603774,0.0885547832083654
"Ccdc59",0.580459770114943,232,0.39231742277876,-2.49510727955447,0.0254910478576683,0.0576080515894511
"Ccdc6",0.490995762711864,472,-0.0991754050908353,-0.170857519335073,0.558840938044741,0.697200813411952
"Ccdc66",0.495410212277682,581,0.00436519256140144,-0.113750594747216,0.633382880788259,0.767653646776959
"Ccdc69",0.596581196581197,195,0.584962500721156,-3.15923109514534,0.0119487209235674,0.0300374002585492
"Ccdc73",0.598290598290598,117,0.791413378188583,-1.60825956079255,0.0728984946633192,0.139083199596418
"Ccdc77",0.593104719764012,452,0.472935882987045,-6.76459070367582,0.000234882475772704,0.000905012156938225
"Ccdc80",0.559178743961353,138,0.317740297923929,-0.803889476539837,0.204804294069376,0.320355726356013
"Ccdc85a",0.517068273092369,166,0.15200309344505,-0.00782375707805727,0.900452280793113,0.992908774221024
"Ccdc88a",0.386666666666667,350,-0.763825054232148,-9.57469724306651,1.20875842907844e-05,5.72560802821065e-05
"Ccdc93",0.522988505747126,522,0.119298928372344,-0.268261913806896,0.463876946200864,0.607164988865093
"Ccdc9b",0.502717391304348,184,0.0297473433940523,-0.00261517878072937,0.942346284951832,1
"Ccl25",0.51077943615257,402,0.135655099357566,0.153087246282041,1,1
"Ccm2",0.536635706914345,323,0.221172383174192,-0.577880776583356,0.282346294527757,0.412081953297248
"Ccn1",0.547925554402552,1239,0.288977673086076,-3.30413008597975,0.0101506788256786,0.0260043344572347
"Ccn2",0.214330808080808,396,-1.98436934828624,-65.9570887874442,1.56229322760713e-30,3.36093337939072e-29
"Ccnc",0.458835341365462,332,-0.246160587269398,-1.51871621910402,0.081364515944687,0.151995165883868
"Ccnd3",0.381988996643044,766,-0.699587984352176,-21.7132235675882,4.4019824265995e-11,3.7400134237134e-10
"Ccng1",0.543939393939394,781,0.307494463401125,-1.45460330484775,0.088075192651313,0.161873136110518
"Ccnh",0.545454545454545,396,0.240463994258466,-1.08971069802982,0.139867036147411,0.236589603483222
"Ccni",0.518072289156627,332,0.102810805583776,-0.0875922909410747,0.675544619082334,0.803091654849562
"Ccnk",0.459477124183007,255,-0.201139872107851,-1.12490109775686,0.133631483198742,0.227187060595227
"Ccnl1",0.500761636737246,1066,-0.111624068820847,1.2671999768836,1,1
"Ccnl2",0.50849358974359,1872,0.0505489421634358,0.0188799878897044,1,1
"Ccnt1",0.474674721189591,1076,-0.137107233391478,-2.07610608017762,0.041580168369265,0.0872593112117599
"Ccnt2",0.489592803030303,1760,-0.0411916873201097,-0.897162353182011,0.180400127296667,0.290440310485782
"Ccny",0.480105047399436,1301,-0.0448542357842601,-1.5158572364187,0.0816516956857722,0.152404388610373
"Ccnyl1",0.456018518518519,288,-0.196223488311645,-1.43517840435177,0.0902248647851556,0.165145702873729
"Ccpg1",0.457082675092154,633,-0.171724995488523,-2.8318078384242,0.0173203812337383,0.0414454184815869
"Ccs",0.454672245467225,239,-0.206450877467427,-1.19204459570511,0.122576315278336,0.211807363899929
"Ccser2",0.487791842475387,1185,-0.0972131159671079,-0.512275024163273,0.311442150884491,0.44425546983581
"Cct2",0.495228494623656,248,-0.0424352663203962,-0.0471526920122187,0.758773486122966,0.873266056045499
"Cct3",0.493981481481481,360,-0.0571439071036091,-0.0860382015630421,0.678272997270642,0.805051875805579
"Cct4",0.552054794520548,365,0.31550182572793,-1.46313526890293,0.0871485982038802,0.160436074472619
"Cct6a",0.475669099756691,274,-0.155069396492833,-0.476538497096954,0.328937309695061,0.463342544107712
"Ccz1",0.561728395061728,270,0.428843298803875,-1.50697781271361,0.0825506138687505,0.153740210956452
"Cd163",0.412962962962963,60,-0.66296501272243,-0.650717988866163,0.25395109228329,0.380048992509574
"Cd28",0.106413994169096,343,-3.05755102256216,-145.336902139708,3.54601884810452e-65,1.71229341787608e-63
"Cd2ap",0.614974937343358,1634,0.653069946216784,-32.0124079953612,1.22861831124522e-15,1.43917733072913e-14
"Cd36",0.513284979664885,4475,0.0702424214159498,-0.750621801771558,0.220480112321253,0.340707618963588
"Cd44",0.73936170212766,94,1.67137725253863,-10.3913723845006,5.14443892455194e-06,2.56915729624945e-05
"Cd46",0.432921810699588,405,-0.489692004085791,-3.94604562296536,0.00496514226532401,0.0139148371126742
"Cd47",0.347949050086356,772,-0.931396186000976,-35.8645540574851,2.46863892352318e-17,3.150095903933e-16
"Cd59a",0.276978239366963,674,-1.30415339315939,-68.2761457464346,1.51082103469156e-31,3.34674283328374e-30
"Cd59b",0.369731800766284,87,-0.893084796083488,-2.85134383878246,0.0169389551717497,0.040736032645211
"Cdadc1",0.456060606060606,330,-0.291889268505979,-1.46601700601224,0.086838023259252,0.160081519394699
"Cdan1",0.427480916030534,262,-0.479992941119614,-3.18569275183776,0.0115975012888943,0.0292860905383967
"Cdc123",0.567460317460317,420,0.346922474354232,-2.91824428203523,0.0156971231066429,0.0381597574399807
"Cdc14a",0.627659574468085,94,0.919829651316016,-2.65970929567466,0.0210890468085823,0.0489452566318134
"Cdc14b",0.427122507122507,585,-0.451379346342564,-6.81561847998137,0.000222453271054859,0.000862070643949316
"Cdc16",0.417901234567901,270,-0.435095151620097,-4.04018828885097,0.00447471461091687,0.0127102346459899
"Cdc23",0.399610136452242,513,-0.568283759574526,-11.2424348848814,2.11805355685552e-06,1.13547172884501e-05
"Cdc26",0.474318658280922,318,-0.161362987938888,-0.609915767473353,0.269393715881878,0.397400136483333
"Cdc27",0.464810690423163,898,-0.230707689548451,-2.85241071089354,0.0169183764935443,0.0407152334218496
"Cdc37l1",0.498248749519075,2952,0.033832229398872,-0.0454647810470306,0.762998719492785,0.875854058017394
"Cdc40",0.514100126742712,526,0.0717906830680102,-0.0712932160374748,0.705723168239358,0.827824869839667
"Cdc42",0.386533333333333,1125,-0.645083493158727,-29.3453934999702,1.84503423757976e-14,2.00711017870913e-13
"Cdc42bpa",0.402566807313643,1422,-0.57091115697957,-26.7695971833095,2.53484823687999e-13,2.5356037803187e-12
"Cdc42bpb",0.486590038314176,783,-0.0185359514374275,-0.48635566841358,0.324004908979947,0.457739623042182
"Cdc42ep3",0.555812163202463,433,0.294961047287092,-1.99063850092983,0.0460086700577544,0.0950824925012446
"Cdc42se2",0.63036303630363,202,0.74416109557041,-6.20837986535352,0.000425497875297775,0.00154542301893867
"Cdc5l",0.44205495818399,558,-0.278386668194101,-4.17263566985059,0.00386692409931159,0.0111633524965933
"Cdc73",0.542145476772616,1636,0.238718106894591,-3.2299479377175,0.0110336110061641,0.0279673704959869
"Cdcp3",0.015418118466899,1148,-5.47212669148566,-979.464045910165,0,0
"Cdh11",0.471491228070175,114,-0.111892880070898,-0.279606686149805,0.454577360531746,0.59751279757851
"Cdh13",0.513528014040961,3720,0.147198417419373,-0.459119108598316,0.33793798448354,0.473141375021594
"Cdh19",0.932291666666667,240,4.09552261104429,-177.949546652031,2.20068880209562e-79,1.29570379295314e-77
"Cdh2",0.493301066625466,4638,-0.0332082260002322,-4.98746951379508,0.00158685250500512,0.00504314909186548
"Cdh20",0.328703703703704,108,-0.857042046157956,-6.46640732973152,0.00032287194250215,0.00121067959668963
"Cdh4",0.704854849967632,1197,1.32587527940402,-78.9898602045528,3.12659859726266e-36,8.00982052855991e-35
"Cdh8",0.0544554455445545,101,-4.39231742277876,-80.0451028775424,1.08128330970642e-36,2.82395858939669e-35
"Cdin1",0.502125075895568,549,0.0258400049352598,-0.0151740510817717,0.861702731864857,0.958685353269836
"Cdip1",0.44105419450631,898,-0.327081605177022,-6.83254060188165,0.000218479491430039,0.000848630987545382
"Cdk10",0.459915611814346,237,-0.296393002780224,-0.93101582619974,0.172390501475567,0.280098050327767
"Cdk11b",0.474158653846154,416,-0.105990695688214,-0.829353605525171,0.197777964048027,0.312129248692771
"Cdk12",0.580923031770489,1298,0.534520351037578,-10.3369326113259,5.4454201534868e-06,2.70938918237238e-05
"Cdk13",0.497952819956616,1844,-0.0398644608779395,-0.191222348214978,0.536297771525509,0.676240962329366
"Cdk14",0.41928618205632,509,-0.714510743338511,-4.9016515289336,0.00174198703600667,0.00548930374914403
"Cdk17",0.445945945945946,222,-0.319278516473412,-1.54721207101827,0.0785609433243954,0.147827600670968
"Cdk19",0.377843194306609,1517,-0.798908986434584,-36.5461994374978,1.23720079222192e-17,1.59694071488337e-16
"Cdk5rap1",0.58786741713571,533,0.533534261914153,-6.62207397717623,0.000273432169548962,0.00103746564274315
"Cdk5rap2",0.59047619047619,210,0.466176348270645,-2.89657337929572,0.0160887653931093,0.0389847629308844
"Cdk6",0.43167701863354,161,-0.47162102764521,-1.73224857816156,0.0626995686083061,0.12247948326512
"Cdk7",0.60974025974026,770,0.608381388104793,-15.5443157013351,2.46510960728617e-08,1.63334804384055e-07
"Cdk8",0.51272131147541,1525,0.0347319383551246,0.0110586036880704,1,1
"Cdkal1",0.479829988193625,3025,-0.106510236884832,-4.63960874057966,0.00231768420808162,0.00709038122362983
"Cdkl1",0.591295116772824,157,0.450165722682446,-2.19595818876488,0.0361097037265458,0.0776323931494477
"Cdkl3",0.608045977011494,145,0.70781924850669,-2.78774873105812,0.0182134902894234,0.0432172643919592
"Cdkn1a",0.310275080906149,206,-1.16382480190589,-15.5093648626791,2.55550445204656e-08,1.68658268260929e-07
"Cds1",0.258178228990412,591,-1.58216386736848,-71.6343954217801,5.13406604239877e-33,1.19652261377016e-31
"Cds2",0.524856096284668,637,0.205064337196463,-0.173211859848379,0.556144590719457,0.69435314228218
"Cdv3",0.493209134615385,832,-0.0429932177683106,-0.245342316596862,0.483622064135942,0.624719232697851
"Cdyl",0.474849656357388,776,-0.170277264913941,-1.43640130022027,0.0900878669995597,0.165029957232818
"Cdyl2",0.526881720430108,372,0.134450199772381,-0.332692375502518,0.414665335537415,0.555223171141385
"Cebpb",0.41075781664017,629,-0.464565770108734,-7.7151701992093,8.56028138855827e-05,0.000355548321039623
"Cebpd",0.327519379844961,172,-1.16992500144231,-10.8352775239586,3.23722390263945e-06,1.68175285096873e-05
"Cebpz",0.495646766169154,402,-0.075288127304237,-0.00847076179252326,0.896440150713585,0.988809579554574
"Cecr2",0.451799163179916,1195,-0.285554025569485,-6.61476924879321,0.000275571653649149,0.00104499262106954
"Celf1",0.474851598173516,1460,-0.0760258380273879,-2.4817338898165,0.025888241485672,0.0583485147252621
"Celf2",0.58643663318302,4577,0.595160317210205,-178.072467529424,1.94547502621878e-79,1.15557773238765e-77
"Cemip2",0.44336569579288,206,-0.335348610649683,-1.65371091249747,0.0689676144779258,0.132905721612357
"Cenpa",0.670873563218391,725,1.12387165816217,-35.8032739227463,2.62683526231234e-17,3.34560119177237e-16
"Cenpc1",0.598507462686567,335,0.604327825588087,-5.52946469359836,0.000882610933483606,0.00296352405479838
"Cenpp",0.467779783393502,554,-0.11760396631223,-1.32457648015099,0.103605088335579,0.185044532439704
"Cenpv",0.432776451869531,419,-0.373217323584217,-4.41294552503246,0.0029698634137099,0.00882023151894728
"Cep104",0.459798994974874,199,-0.205469118299979,-0.845237877673298,0.193538266023929,0.306808890305293
"Cep112",0.420067264573991,446,-0.477409359566353,-6.18007605757055,0.000438594953914443,0.00158186422927122
"Cep120",0.414341085271318,645,-0.548620653657436,-10.0745784225891,7.16318163969456e-06,3.50176803828331e-05
"Cep126",0.33756345177665,394,-0.976541027176011,-21.9654697595629,3.40168909569598e-11,2.92344906662118e-10
"Cep128",0.475247524752475,202,-0.121306296222133,-0.380791988446418,0.382833275297349,0.521891783021719
"Cep135",0.422950819672131,305,-0.427421223734676,-4.17967220659824,0.00383708976772035,0.0110963147440495
"Cep15",0.478960396039604,202,-0.112474729258413,-0.3152888683029,0.427143475510338,0.569185429347904
"Cep152",0.434375,160,-0.333126301492227,-1.63127803341079,0.0708785631264751,0.135924833058543
"Cep162",0.343706777316736,241,-0.919381539791715,-12.4315382567653,6.15501035710718e-07,3.5159514482471e-06
"Cep170",0.432432432432432,370,-0.368722306366304,-3.92328042928449,0.00509174771978175,0.014222143443685
"Cep192",0.381944444444444,288,-0.640671933307443,-8.83956990922204,2.61478476328755e-05,0.000117867262130195
"Cep20",0.534722222222222,480,0.224873410840202,-0.687944967618762,0.240802483370151,0.364660499701905
"Cep290",0.51537216828479,206,-0.049327712363568,0.221800473666775,1,1
"Cep295",0.603413654618474,166,0.657607802552922,-2.95722180407631,0.0150172449096659,0.036693027970032
"Cep350",0.530774176954733,1296,0.134929580086109,-1.23635569061457,0.115837945281701,0.202475075190306
"Cep43",0.300992063492063,840,-1.20323108805949,-67.9967897062631,2.00176684599924e-31,4.4051996951957e-30
"Cep44",0.514350453172205,662,0.123943933248353,0.0434350333646307,1,1
"Cep57",0.463120567375887,235,-0.210419779670372,-0.910626252291877,0.177164260016784,0.286605570796012
"Cep57l1",0.566458333333333,400,0.313964716576945,-2.758854086523,0.0188249057466434,0.0444495553832395
"Cep68",0.41478102189781,822,-0.454660271412437,-12.9557594750627,3.57429897037496e-07,2.09342885594736e-06
"Cep70",0.584134615384615,208,0.494264190429418,-2.49073880098541,0.025620092103171,0.0578412573819319
"Cep78",0.509657836644592,302,0.0995356735509141,0.0528346596323104,1,1
"Cep83",0.455029368575624,454,-0.301081309981758,-2.03973616042958,0.0434072126115559,0.0903688619878297
"Cep83os",0.509289617486339,305,0.12976787497033,0.0667108125737741,1,1
"Cep85",0.530772285090332,1679,0.123217016245612,-1.42031434024693,0.0919082480248342,0.167496106636624
"Cep85l",0.487315983175605,1268,-0.0487955038348442,-0.913741090089161,0.176425227505397,0.285685434744565
"Cep89",0.446428571428571,168,-0.350497247084133,-1.14682349854385,0.129904366293834,0.222314662560993
"Cep95",0.468497232865049,783,-0.171701063516785,-2.05199238476882,0.0427822697295082,0.0892338702375572
"Cep97",0.575520833333333,192,0.435386144670646,-1.81449182500859,0.0567814818969908,0.112623317521454
"Cept1",0.474683544303797,158,-0.137503523749935,-0.30891322650686,0.431856138168084,0.573756611121175
"Cerk",0.503488372093023,602,0.0797271924707341,0.130828139111372,1,1
"Cers4",0.602989821882952,524,0.615906207929425,-9.48248083458776,1.33141098976705e-05,6.27117934267821e-05
"Cers5",0.502389486260454,279,-0.0192362188629174,0.0220365919258825,1,1
"Cers6",0.511904761904762,287,0.0413407953808997,-0.00513334114236841,0.919292758471063,1
"Cert1",0.525255178304506,1115,0.148201523285194,-0.657012106987167,0.25166734007781,0.377491425555429
"Ces1d",0.428089569160998,1512,-0.303886654594502,-15.2779260094876,3.24391916289041e-08,2.11595582325758e-07
"Cetn3",0.504211793020457,554,0.0468448634596674,0.0123672885314363,1,1
"Cfap20",0.489417989417989,189,-0.0717906830680102,-0.106225020614289,0.644853826938194,0.777554122100154
"Cfap20dc",0.368589743589744,104,-0.816288046827612,-3.76242811416446,0.00608534111057887,0.0164829739847479
"Cfap58",0.0432098765432099,81,-4.5077946401987,-50.3678549733013,1.05113312849357e-23,1.7726647131781e-22
"Cfap61",0.600462962962963,180,0.65367525080517,-2.74585714264271,0.019106799627608,0.0449666336257029
"Cfap96",0.845108695652174,184,2.46365620449902,-51.6756589272991,2.8068778673824e-24,4.83070878099248e-23
"Cfap97",0.462055715658021,347,-0.190683561609109,-1.28883818163575,0.108380655319664,0.192294728655984
"Cfdp1",0.496906636670416,889,0,-0.139122595976232,0.597853693376585,0.734674842538198
"Cfl2",0.539997688395747,1545,0.249269486086262,-3.00153781677272,0.0142809614175637,0.0352015472033373
"Cflar",0.486156400966184,1104,-0.138489307895491,-0.475404374142045,0.329513522812144,0.463959464047643
"Cgnl1",0.609929078014184,141,0.647698256069119,-2.90721397424554,0.0158952227117817,0.0385436180785689
"Cgrrf1",0.494163424124514,257,-0.0308060467811746,-0.0757210185034296,0.697161087611257,0.821148446686111
"Chac2",0.447856685860525,521,-0.384010603658219,-3.09151415904512,0.0128981341374773,0.0320881016630437
"Chaserr",0.50767412256774,1833,0.0910109385074835,0.389615030473124,1,1
"Chchd3",0.51323731190979,3978,0.0798928005798398,-0.653771532245628,0.252839979145601,0.378808468755641
"Chchd4",0.452127659574468,188,-0.215728691055437,-1.06241884878358,0.144928131993601,0.243189405485262
"Chchd6",0.61875,160,0.565062943283452,-3.85077587279781,0.00551733727444374,0.0152271249120339
"Chchd7",0.530689329556185,353,0.209671180235069,-0.405706478646493,0.367702838937063,0.506780586231122
"Chd1",0.469465648854962,655,-0.156320780098536,-1.6373324674455,0.0703572921666924,0.135040933663952
"Chd1l",0.67487684729064,203,1.05970624612427,-11.673008734939,1.35323401074546e-06,7.44500547551108e-06
"Chd2",0.474158693144313,2573,-0.0930343246360126,-4.50316716806947,0.00269045490278681,0.00808702790304749
"Chd4",0.484975541579315,954,-0.0572383846034143,-0.785507518031864,0.210059667092442,0.327431603698205
"Chd6",0.525385103360777,2302,0.13619757517333,-0.904033962986432,0.178740174226279,0.288529112411445
"Chd7",0.469006066650046,1719,-0.231281091886078,-3.09158865676682,0.012897048121782,0.0320881016630437
"Chd8",0.484144542772861,452,-0.133266530863464,-0.349645244567739,0.403022202911076,0.543517184235311
"Chd9",0.520659530083443,2300,0.141995213531125,-0.325636946971372,0.419657597148606,0.560880484281451
"Chfr",0.521050454921423,806,0.126814761354217,-0.205485380870982,0.521477195869646,0.662155682685786
"Chic2",0.52099609375,512,0.113501193222659,-0.185968277255938,0.541950567735848,0.681429572297611
"Chid1",0.381578947368421,304,-0.655171503002558,-9.35691559444948,1.51876845688077e-05,7.10381455232315e-05
"Chka",0.512551440329218,405,0.12498677683853,0.0848319493928216,1,1
"Chmp3",0.553212851405622,498,0.277812461205073,-1.9772005838505,0.0467489487011445,0.0962216938614172
"Chmp4c",0.333060814687321,830,-1.00936210320369,-47.27665372257,2.38580140723299e-22,3.77676864277072e-21
"Chn1",0.456919763058697,619,-0.265205504875421,-3.07111959552435,0.0131990069490701,0.032751103379726
"Chordc1",0.521485345255837,671,0.166581558367942,-0.081626575062387,0.686178911265845,0.81185673669152
"Chp1",0.607156748346947,857,0.653307665119297,-16.2767734735011,1.15953321541075e-08,7.957859858729e-08
"Chpt1",0.505650057704852,1898,-0.0120806087729375,0.339869069046472,1,1
"Chrm2",0.482296824500396,3564,-0.0925233369949697,-6.2711424177387,0.000397845533226761,0.00145522573243489
"Chrm3",0.522413793103448,116,0.0400774393753354,-0.00437890094524107,0.925440312506083,1
"Chrna9",0,255,-Inf,-882.983249894343,0,0
"Chsy1",0.409635416666667,320,-0.48951571523812,-5.67435960981652,0.000755000186876664,0.00257628940229597
"Chtop",0.463744588744589,308,-0.18330721336306,-1.13292970362954,0.132252828007262,0.225399456748275
"Chuk",0.512423043095866,758,0.0935407678394218,8.887369290278e-06,1,1
"Churc1",0.484177215189873,316,-0.166009951438929,-0.19457101995971,0.53275072700234,0.672779469358364
"Ciapin1",0.574880952380952,700,0.444784842672896,-5.84735769672386,0.000626778562114088,0.00218542218644663
"Ciart",0.423507805325987,363,-0.472262367971794,-4.7252193446721,0.00211098604646865,0.00652045022728834
"Cidea",0.44306020776609,221,-0.647698256069119,0.0847145994695779,1,1
"Cilk1",0.382736516357206,754,-0.695386490414807,-21.8008616432381,4.02484468180078e-11,3.42826871881305e-10
"Cipc",0.52650974025974,1320,0.126647519168156,-0.825674283334592,0.198775483314436,0.313174995725802
"Cir1",0.440888888888889,375,-0.323470259695767,-3.06030093043142,0.0133615300552596,0.0331176476111161
"Cirbil",0.370567313345091,810,-0.837915751774871,-26.7454402278224,2.59796033032859e-13,2.59486752041154e-12
"Cisd1",0.541050903119869,203,0.360881729231939,-0.209465415904788,0.517471021048514,0.658189405586057
"Cisd2",0.788838075880759,984,1.87347893596863,-152.804569004165,1.97590531202638e-68,1.00471791320614e-66
"Cish",0.410108765195138,1042,-0.559704894437773,-17.0588895823157,5.18751225192579e-09,3.68450605660592e-08
"Ckap5",0.489172640382318,1116,-0.0911896502281162,-0.549954312035197,0.294286158374058,0.426527465991509
"Ckm",0.47204071969697,704,-0.15647230601031,-1.56819448363456,0.0765631446254689,0.144799049514271
"Ckmt2",0.471125273609681,4266,-0.156973264442866,-24.0806309082,3.9256778012188e-12,3.57518987812491e-11
"Clasp1",0.493541696594935,3505,0.0279035431424959,-0.372557916910409,0.388027006203074,0.527214021383609
"Clasp2",0.483136060937785,2088,-0.040523063090949,-1.81055472883872,0.0570508157427932,0.113038390694615
"Clasrp",0.526041666666667,256,0.175679676168119,-0.143825356981097,0.591729956079757,0.729018257196646
"Clcc1",0.485102420856611,358,-0.0437213774293186,-0.291928327777043,0.444804593164783,0.587240052974434
"Clcn1",0.468531468531469,286,-0.192645077942396,-0.792972812094376,0.2079063487206,0.324602794280685
"Clcn3",0.479818059299191,1484,-0.137368446268362,-1.7361674549652,0.0624031676419498,0.121971479677568
"Clcn4",0.476190476190476,168,-0.177538185552187,-0.277807943760649,0.456032081284031,0.598648020649015
"Clcn6",0.560606060606061,121,0.341036917835067,-0.624178144510765,0.263866649517402,0.391261920115699
"Clcn7",0.412655971479501,187,-0.53726575868986,-3.2838743974437,0.0103843221213156,0.0265522171726745
"Cldn12",0.529411764705882,289,0.166649869409452,-0.292958613372832,0.444002258798073,0.586411483874984
"Cldnd1",0.418781725888325,197,-0.471305718925589,-2.96354197332167,0.0149098945724868,0.0364971598725498
"Clec16a",0.458456021140053,883,-0.273309389667184,-3.6253682274953,0.00708719399784073,0.0188939523032641
"Clec2d",0.646541443053071,559,0.920677547338594,-20.9783094405107,9.33209618011228e-11,7.69496677652502e-10
"Clic4",0.258170030815424,3179,-1.48216180253837,-545.669279426111,2.52003326485491e-239,5.28576977303318e-237
"Clic5",0.536240240023135,1976,0.207517274675112,-2.36758417693909,0.0295519557987757,0.0651618683710193
"Clint1",0.531257802746567,1068,0.231670234924459,-0.817916327120884,0.200898204807965,0.315730287529124
"Clip1",0.552468242068495,3859,0.289409043523029,-28.2506532140751,5.61610495683688e-14,5.8533069053244e-13
"Clip4",0.500645756457565,1626,-0.0865876849960907,0.860631652137272,1,1
"Clk1",0.518020541549953,1887,0.110613805500897,-0.339417970065824,0.409987852320449,0.550490234705994
"Clk2",0.484265734265734,429,-0.0999669080604439,-0.432421574512546,0.352386910364183,0.48918737174031
"Clk3",0.458333333333333,186,-0.255257055242074,-0.777234118809844,0.212477018353553,0.330331898918891
"Clk4",0.520846574858757,1888,0.0899477914173463,-0.5442622933856,0.29679834405156,0.428687429583402
"Clns1a",0.428571428571429,175,-0.405992359675837,-2.1004521251661,0.0404024299886628,0.085303903769709
"Clock",0.532921511627907,688,0.200504676197126,-0.836274282793397,0.195917522580109,0.30962995327471
"Clpb",0.493140243902439,656,-0.0800643889291788,-0.151642885723504,0.581829832057671,0.719789329143264
"Clpp",0.353985507246377,552,-0.895092024290251,-25.1592128581389,1.30716421778371e-12,1.23399243737894e-11
"Clptm1",0.442870632672332,353,-0.389042290745899,-2.61043034410517,0.0223175026309672,0.0513883082310758
"Clpx",0.532795048425265,1797,0.159392072674421,-1.49220275264724,0.0840701538351061,0.156093740675306
"Clstn1",0.348286604361371,214,-0.901084973927313,-10.0621560505208,7.25683359096099e-06,3.54239033182037e-05
"Clta",0.458037825059102,282,-0.178337241258513,-1.22952096568599,0.116850035116525,0.203872481336656
"Cltb",0.387820512820513,156,-0.669851398307669,-4.38606639851291,0.00305867582256847,0.00904397890796456
"Cltc",0.48516209089499,1535,-0.145123409637531,-0.509149695217275,0.312922738407486,0.445900214502313
"Clu",0.497793324807543,633,-0.131883148241931,0.554207867277455,1,1
"Cluap1",0.572072072072072,148,0.473069620650259,-1.19689700786317,0.121817661010053,0.210786321397133
"Cluh",0.339626239511823,874,-0.985746016319758,-45.4970207284288,1.44105410706452e-21,2.23380026942657e-20
"Clvs1",0.0286195286195286,297,-5.10433665981474,-204.086236277595,9.16082104897647e-91,6.21085160411415e-89
"Clybl",0.506572354848217,1131,0.0765882040263413,0.13362159797498,1,1
"Cmas",0.456730769230769,208,-0.178970141045319,-0.952429927146511,0.167535353982183,0.272936236875828
"Cmc1",0.605610561056106,303,0.692910414088271,-5.73513430502493,0.000707184584959364,0.00243291795707189
"Cmc2",0.433518005540166,361,-0.328470940754134,-3.71866584930643,0.00638845382990155,0.0171792075746391
"Cmip",0.477765425236242,257,-0.159355759732125,-0.363322706778263,0.393972706318308,0.533995315995251
"Cmpk1",0.523809523809524,483,0.055398238659091,-0.104829682118407,0.647034521880773,0.77871538656334
"Cmss1",0.473586348215833,2564,-0.153023657668979,-5.05971336349148,0.00146714626417864,0.00471848860812986
"Cmtm4",0.614795918367347,196,0.639824435755675,-4.57464246540357,0.00248815282013514,0.00756019996774427
"Cmtm8",0.739130434782609,161,1.44360665147561,-17.9661422319063,2.04295430765626e-09,1.52698321970922e-08
"Cmtr1",0.450647249190939,206,-0.272525854811092,-1.2049199547115,0.120574696191311,0.209012748149814
"Cmya5",0.591643795281762,3164,0.559796556158082,-49.9861779004218,1.54539087569569e-23,2.56115149572085e-22
"Cnbp",0.551736613603473,691,0.322714090570595,-2.59871820232945,0.022620224981201,0.0518889097996656
"Cnep1r1",0.582044673539519,388,0.460156044984876,-4.39214328757993,0.00303836370380092,0.00899632532287909
"Cnih4",0.440573770491803,244,-0.348803800878757,-2.06171195515014,0.0422933991644561,0.0884616064792239
"Cnksr3",0.52776154906407,1785,0.241318924678086,0.851406515832423,1,1
"Cnnm2",0.510189701897019,615,-0.00773564877960542,0.119113242007302,1,1
"Cnnm3",0.510922330097087,412,0.0126553008060286,0.0523936490871506,1,1
"Cnot1",0.507014388489209,1390,0.0413590297610575,0.00696756610659577,1,1
"Cnot10",0.531185031185031,481,0.229822626811936,-0.479656199136173,0.327360179363896,0.461702358455657
"Cnot2",0.517925968326655,1747,0.110423989693651,-0.210092972096845,0.516844276315882,0.657641475380512
"Cnot4",0.500810151646866,1972,-0.0176450257315839,0.0185643579297903,1,1
"Cnot6",0.438860971524288,199,-0.418952549282227,-1.66100256009889,0.0683584092012141,0.13188057985255
"Cnot6l",0.523468575974543,838,0.151706821744473,-0.339674231187473,0.409811169050938,0.550460789807863
"Cnot7",0.466420209488601,541,-0.234465253637023,-1.55805852451249,0.0775213073124184,0.146158150191279
"Cnot9",0.518518518518518,270,0.0968615392525889,-0.0761144958679552,0.696414290079174,0.820827311831876
"Cnst",0.465673815197246,1259,-0.186307393557262,-4.01781618212794,0.00458659951060955,0.0129458603512243
"Cntn5",0.829312581063554,257,2.48308288670194,-54.9247028120961,1.05725193536029e-25,1.90760080380061e-24
"Cntnap5b",0.00550122249388753,409,-7.59743185268337,-393.321099972352,4.3283040822382e-173,6.18118659574102e-171
"Cntrl",0.522413793103448,290,0.21280637250725,-0.00128826960690276,0.959517066443559,1
"Cntrob",0.38109756097561,164,-0.668794091524626,-4.13976772051916,0.00400943858299314,0.0115153409366923
"Coa7",0.574186991869919,246,0.384143491333059,-2.11491925891602,0.0397192193904959,0.0841248444905644
"Coa8",0.566849816849817,364,0.385166969696706,-2.60478814029022,0.0224628084924912,0.051598347228474
"Cobl",0.628030303030303,110,0.594361198723405,-3.23635235882482,0.01095436930993,0.0278473892986677
"Cobll1",0.652312137763335,3258,0.932771223601109,-168.435660832778,3.06372807392549e-75,1.65836635743451e-73
"Cog2",0.441425120772947,276,-0.387023123109247,-2.22482079897503,0.0349085723488854,0.0754852891771001
"Cog4",0.455128205128205,234,-0.252542032016152,-1.22247024163704,0.117904357147431,0.205285096024269
"Cog5",0.536353229117322,2111,0.235476993530566,-2.33769618369388,0.0305977124672369,0.0672468389260296
"Cog6",0.584235860409146,554,0.520664007226784,-6.28166611060976,0.000393389664398958,0.0014436475819824
"Col23a1",0.435606060606061,132,-0.507794640198696,-1.16833654934113,0.12635916225766,0.21741161165686
"Col3a1",0.345588235294118,102,-0.877515993475005,-5.40684684381002,0.00100752088790333,0.0033527417945499
"Col4a1",0.66781746031746,665,1.16577847208971,-31.0121857784976,3.39232742813846e-15,3.87233022069139e-14
"Col4a2",0.675955459770115,1160,1.03615295082242,-57.1511465695405,1.11883282243525e-26,2.10943986072623e-25
"Col5a1",0.253812636165577,153,-1.59610305832636,-18.9845693614544,7.18725566191696e-10,5.57053810655735e-09
"Col5a2",0.525051759834369,161,0.0163018123291003,0.0519422318023999,1,1
"Col8a1",0.582142857142857,140,0.442943495848728,-1.57392588113346,0.0760269930727926,0.143947299719206
"Colec12",0.39541499330656,249,-0.780686971595524,-5.02668143386052,0.00152070094859701,0.00485582529352194
"Colq",0.337758945386064,354,-0.903784684740697,-20.0638549553258,2.37890473596774e-10,1.9099531803607e-09
"Commd1",0.586854460093897,497,0.463084673685953,-6.14325470595622,0.000456244252919809,0.00163935301156197
"Commd10",0.556233279828785,623,0.352027701753043,-2.69530870855692,0.020245306220656,0.0471991994974098
"Commd3",0.533898305084746,295,0.196223488311645,-0.425404438993439,0.356323610802071,0.493839171255781
"Commd6",0.557377049180328,122,0.307181509518176,-0.622507392605769,0.264506766678047,0.391654405017218
"Comt",0.594213469486992,1371,0.514756710141995,-18.34790160389,1.38076372280669e-09,1.04483496138427e-08
"Cop1",0.482472324723247,813,-0.130703691644594,-0.868530710175833,0.187511595343161,0.299376267350926
"Copa",0.519416666666667,1000,0.107268675691131,-0.274731192428817,0.458537446608339,0.60111393391312
"Copg2",0.554282596835788,611,0.351472370501378,-2.6251523477307,0.0219429283251769,0.0506120051266623
"Cops2",0.553672316384181,354,0.380480277242476,-1.37180214810701,0.0976443027349568,0.175896017165064
"Cops3",0.504045307443366,618,0.011939613311525,0.00487302408316737,1,1
"Cops4",0.536723163841808,177,0.257496222292364,-0.291050592154278,0.445489900343511,0.587797957756172
"Cops5",0.570757880617036,497,0.477578965347557,-3.59854502129957,0.00730218932966365,0.019364794460965
"Cops7b",0.571922544951591,241,0.431049817267475,-2.08355438979223,0.0412160758905367,0.0866673876495245
"Cops8",0.408582089552239,268,-0.50106124311221,-5.02257412514695,0.00152749709489952,0.00487288997194182
"Copz1",0.506410256410256,208,0.120294233717711,0.0807956418131255,1,1
"Coq10a",0.454231433506045,772,-0.269409047837935,-4.08370170426906,0.00426499203953984,0.0121815432210176
"Coq10b",0.425532843533877,1452,-0.61019390704396,0.223300358285996,1,1
"Coq2",0.632227891156463,588,0.802235951432591,-17.6486265817798,2.83030958558141e-09,2.07617900966366e-08
"Coq3",0.492813918305598,661,-0.0292201389149933,-0.246812588533544,0.48231463721498,0.62339608029789
"Coq5",0.630400181900864,733,0.724141553808623,-20.4846912775596,1.54632807473539e-10,1.25349686444733e-09
"Coq7",0.572192513368984,187,0.371255807250931,-1.52322361805412,0.0809139663158609,0.15149080667003
"Coq9",0.469654088050314,530,-0.150515011785641,-1.29704046694644,0.107263645079663,0.190615193480195
"Corin",0.573586791727713,4307,0.458123842411573,-88.7645769223536,1.67851982644941e-40,4.67478218884998e-39
"Coro6",0.570579035396665,2961,0.456934546961814,-18.2188661575833,1.57622083431156e-09,1.18871845392126e-08
"Cox10",0.476346842447917,2048,-0.125086360422388,-2.93108544938514,0.0154697024188074,0.0376751243233074
"Cox11",0.46372064276885,809,-0.263558165157349,-2.61549203949369,0.0221879755272207,0.0511420644707092
"Cox15",0.519125683060109,183,0.130584109810144,-0.0539103062249637,0.742639111505053,0.860005817188046
"Cox16",0.49,200,-0.0549664592179289,-0.105987752660212,0.645223409989508,0.777600656784202
"Cox19",0.621322985957132,451,0.714597781137752,-11.2402911730986,2.12278637841412e-06,1.13607872739119e-05
"Cox20",0.537634408602151,279,0.246793764826583,-0.520260310080261,0.307700420350699,0.440359322258826
"Cox5b",0.541184041184041,259,0.240134003723715,-0.573994831047884,0.283970379453641,0.413899932007131
"Cox6a1",0.449732620320856,935,-0.26256378275316,-5.75853871666709,0.000689597217099478,0.00238218040204411
"Cox6b1",0.463257065948856,743,-0.243925582886089,-2.44773053344238,0.0269273822350102,0.0603847590993338
"Cox6c",0.560296618647459,952,0.350161775616306,-4.72699636453763,0.00210689962609067,0.0065108242588953
"Cox7a2",0.413129912159038,721,-0.49937163206608,-11.7003045273717,1.31536884591729e-06,7.26646559160234e-06
"Cox7a2l",0.44585346215781,414,-0.277704094630678,-2.94818000663963,0.0151722087983644,0.0370016557912294
"Cox7c",0.568741677762983,1502,0.392549236877578,-9.22821126827785,1.738339963418e-05,8.08575040503229e-05
"Cox8a",0.464732824427481,655,-0.176570315084324,-2.13669485003413,0.0387136295838482,0.0823600259165733
"Cp",0.630477812779903,1793,1.04775313144837,-25.4983039536205,9.25257228333124e-13,8.83403487421327e-12
"Cpd",0.56018018018018,370,0.323470259695767,-2.08175621157375,0.0413036676984332,0.0868243713097036
"Cpe",0.558350951374207,946,0.312722636240653,-4.61582757842189,0.00237866527667149,0.00725709151682685
"Cpeb1",0.504761904761905,840,-0.00772184737773607,0.0699437658382749,1,1
"Cpeb2",0.50907874617737,1308,0.0398111782314325,-0.00429081178094748,0.926191906378386,1
"Cpeb3",0.54711656905615,4279,0.29555636798508,-39.7696182578738,4.72743209914133e-19,6.50215660849111e-18
"Cpeb4",0.505268309993227,2691,-0.0361756648227901,0.711860235501717,1,1
"Cped1",0.397193562280739,3556,-0.670483180374575,-123.577462257689,1.08319272705801e-55,4.54399349000836e-54
"Cplane1",0.514912280701754,665,0.164038158365398,0.268779528769755,1,1
"Cpne3",0.522707797772065,389,0.115477217419936,-0.205077713485537,0.521890627312944,0.662430009554554
"Cpne4",0.853383458646617,76,2.94753258010587,-18.8500004645255,8.2504521841244e-10,6.36517644366011e-09
"Cpne8",0.377906976744186,172,-0.603578178888504,-5.50589317479577,0.000905343529146618,0.00303226834712181
"Cpox",0.538759689922481,172,0.254813899028825,-0.286232147392155,0.449281329658146,0.591985921606885
"Cpped1",0.524282278088144,1432,0.0655262688695903,-0.433750318529292,0.351648168456346,0.488462363649149
"Cpq",0.559618026547851,2565,0.363078876794633,-10.3283778133687,5.49429834981584e-06,2.72764279023402e-05
"Cpsf2",0.480487804878049,205,-0.0746388008927559,-0.25413651268309,0.475887407326949,0.617347560490623
"Cpsf3",0.442906574394464,289,-0.301463992327647,-2.2691427931575,0.0331447719681069,0.0722532346378479
"Cpsf6",0.508556547619048,672,0.0545851377656033,0.00167785275198185,1,1
"Cpsf7",0.571399919775371,831,0.418452163691609,-6.27038630791412,0.000398167633694973,0.00145561065215722
"Cpt1a",0.393406593406593,455,-0.661093569937127,-10.5997579766065,4.13869024218267e-06,2.09968925967726e-05
"Cpt2",0.487870619946092,371,-0.0544477840223774,-0.245242938978208,0.483710645460478,0.624719232697851
"Cpxm2",0.481420972644377,752,-0.152567638567061,-0.708401147632003,0.233930447438563,0.356121833342625
"Cracr2a",0.518691588785047,107,0.0978473233981445,-0.0297474650496241,0.807296012051251,0.912370909730257
"Cradd",0.25791816916556,2874,-1.54158860277633,-406.803586705652,5.93810118507139e-179,8.85700781204425e-177
"Cramp1",0.531376518218624,494,0.187085552600496,-0.566443212985973,0.287160495466235,0.41791440710524
"Crat",0.461680517082179,361,-0.186654640100013,-1.41974159734605,0.0919737909818027,0.16752458210851
"Crb1",0.550724637681159,69,0.249978253008347,-0.257760509262575,0.472758567002021,0.614714355233933
"Crbn",0.486111111111111,384,-0.0740005814437774,-0.322219633717452,0.42210783091385,0.564042954627465
"Creb1",0.525253036437247,988,0.114399372737086,-0.50902917987446,0.312980014796342,0.445900214502313
"Creb3l2",0.495443506769474,724,-0.0509614145755779,-0.152748236999855,0.580456967864178,0.718426547723467
"Creb5",0.546151251346057,1001,0.251075176040533,-2.82863533103045,0.0173831535470715,0.0415808006443137
"Crebbp",0.470513405532571,2348,-0.145994984643574,-5.18024475380798,0.00128741062511297,0.00417041511378295
"Crebl2",0.514430014430014,231,0.159198594849254,0.0464740595292881,1,1
"Crebrf",0.494845360824742,194,-0.0398927271235126,-0.0497080909708814,0.752531366480189,0.868016932774536
"Crebzf",0.430438842203548,714,-0.353989304119661,-7.95773965419244,6.62347949418026e-05,0.000279602480282628
"Creld1",0.458333333333333,228,-0.241008099503794,-1.04674352875247,0.14792808422882,0.247049838602597
"Crem",0.462231063955202,754,-0.233287062439742,-2.52680573819453,0.0245746656606439,0.0558645868517485
"Crhr2",0.542264752791069,627,0.212080914040293,-1.44327565235278,0.0893219392500588,0.163760954997649
"Crim1",0.529634492685963,1632,0.165238920601744,-1.53904911582322,0.079353262927319,0.14906775840139
"Cript",0.415833333333333,200,-0.429684275243245,-2.97204552149481,0.0147667042078104,0.036212684926132
"Crk",0.51078167115903,742,0.0461174667646622,-0.0155409314522785,0.860057876808386,0.957331421084226
"Crkl",0.546200345423143,386,0.296811417818218,-1.04250260196966,0.148751715563206,0.248178353184249
"Crlf3",0.564351851851852,288,0.294743265561132,-1.76948070041692,0.0599429843782342,0.117883771212045
"Crls1",0.614285714285714,175,0.80145432061792,-3.91802863015941,0.0051214189740474,0.014293124388277
"Crnde",0.521052631578947,190,0.0985638344835902,-0.0746958784606591,0.699117296040581,0.822375620579106
"Crot",0.578146611341632,241,0.389946518316013,-2.2687933301622,0.0331583086356222,0.0722592751825637
"Crppa",0.504545454545455,616,0.0177893134435281,0.00609288703594757,1,1
"Crtc1",0.548469387755102,196,0.303392143449934,-0.665405473994184,0.248661000540787,0.373799022537461
"Crtc3",0.562641049100336,1093,0.369309234841054,-5.7902086498018,0.00066649983063007,0.00230833171475182
"Cry1",0.616339869281046,255,0.731803889050427,-5.87331925134427,0.000609532248020219,0.00213304507232102
"Cry2",0.48534338358459,398,-0.00642626915943278,-0.224289559224985,0.503010481769707,0.644560204971034
"Cryab",0.581121577952564,781,0.536463983029966,-6.18344295203133,0.000437015908157091,0.00157871408802497
"Crybg3",0.461880046136102,1156,-0.23595487177751,-4.03608573287875,0.00449502175389278,0.0127571188211959
"Cryl1",0.620481927710843,83,0.62148837674627,-2.12902478016962,0.0390647497055743,0.0830543554082403
"Cryzl1",0.540770609318996,372,0.25938662881865,-0.760553918343362,0.217451921487728,0.336865892099328
"Cs",0.468578517221249,1142,-0.196993244640483,-3.06400525828667,0.0133056514974402,0.0330035228569174
"Csdc2",0.498620524852277,548,0.0269670476002695,-0.0313468881014387,0.802287886765932,0.908374528995063
"Csde1",0.477835945329892,1652,-0.0626073159941374,-2.23804972316793,0.0343720812904827,0.074493190061905
"Cse1l",0.52078239608802,409,0.0799993220652198,-0.143541948119207,0.592095326897203,0.729073299543093
"Csgalnact1",0.51878612716763,173,0.137503523749935,-0.0224606010479818,0.832148987728013,0.932607113980702
"Csgalnact2",0.503861003861004,259,0.0892673380970876,0.0726194007709182,1,1
"Csnk1a1",0.473944781728823,2306,-0.141441530148339,-4.51657272472175,0.00265127887779553,0.00798357282537622
"Csnk1d",0.523569023569024,396,0.12439086223719,-0.228808900254535,0.498739406699649,0.639697859309774
"Csnk1g1",0.498392949714878,643,-0.0260622965861961,-0.0264301756114946,0.818158759818276,0.920656159974764
"Csnk1g3",0.460340214067278,872,-0.195830227124801,-3.54443507488418,0.00775641320196799,0.0204401434674555
"Csnk2a1",0.524573560767591,938,0.137028249477513,-0.582683863447983,0.280355096321147,0.409876586039543
"Csnk2a2",0.468776371308017,395,-0.145050332803284,-1.08762056890095,0.140247531756281,0.236940295032761
"Cspp1",0.429946879150066,753,-0.43723324539304,-8.25224212253147,4.85351499336672e-05,0.000209902014403849
"Csrnp1",0.567993366500829,201,0.411314413236126,-1.36900005449385,0.0979873283254478,0.176419245633156
"Csrp3",0.503291294142346,2839,-0.0115647516329223,0.0693105125378679,1,1
"Cst3",0.682629107981221,355,1.09090849619821,-22.1241008201776,2.89270014115055e-11,2.49560454336793e-10
"Cstf3",0.537239287068639,879,0.258655965323219,-1.06802977609345,0.143871023380991,0.241959987204513
"Cstpp1",0.552521008403361,238,0.37756279386018,-0.901674839902057,0.179308061876882,0.289167638471319
"Ctbp2",0.446969696969697,198,-0.263034405833794,-1.36080819145187,0.0989977180888978,0.177856714082624
"Ctdp1",0.528205128205128,195,0.216133430864766,-0.138092183602623,0.599213093858875,0.735671901587849
"Ctdsp2",0.476374570446735,388,-0.0953069600957273,-0.634871303837826,0.259814972073059,0.386497804200881
"Ctdspl",0.27734375,128,-1.27417496343899,-13.5222243760984,1.98830402638893e-07,1.19156219867165e-06
"Ctdspl2",0.529824561403509,475,0.117618032534373,-0.412869815874785,0.363507359011837,0.502029093351327
"Cth",0.551342812006319,211,0.343954401217362,-0.817715583516872,0.200953484553698,0.315730287529124
"Ctif",0.520171957671958,504,0.17809232231371,0.0166874596282582,1,1
"Ctla4",0.567114093959732,149,0.353636954614701,-1.05765465634389,0.145832586772581,0.244218643317756
"Ctnna1",0.56278328611898,1412,0.356398500850156,-7.22657911490114,0.000143688712941298,0.000572707031628261
"Ctnnal1",0.682610272047907,1387,1.20124420686859,-70.1417243145402,2.30797187356832e-32,5.25122278487816e-31
"Ctnnb1",0.546747967479675,410,0.307572801910292,-1.17922866806742,0.124605356750229,0.214724301542371
"Ctnnbip1",0.517605633802817,142,0.094327382548153,-0.0354109785937595,0.790143749830986,0.898127832153357
"Ctnnd1",0.526491447642887,799,0.149193559858226,-0.404086284512005,0.368661083335681,0.507371989204242
"Ctnnd2",0.580246913580247,54,0.637429920615292,-0.548503227072871,0.294924002329591,0.42685457430244
"Ctps1",0.497979797979798,330,-0.0530183822994905,-0.000516652947339935,0.974356356720873,1
"Ctr9",0.459883296863603,457,-0.210987658064198,-1.89944782321493,0.0512863985557011,0.103904107185592
"Ctsb",0.456363636363636,275,-0.285672209513525,-1.32143682407795,0.104015247129748,0.185727677237263
"Ctsd",0.556338028169014,284,0.294285339818233,-1.37776151598209,0.096919116472147,0.174777299774597
"Ctsh",0.403281519861831,386,-0.598955772800656,-8.01125195137467,6.25940407522876e-05,0.000265737635375936
"Ctsl",0.56015037593985,133,0.455194625750827,-0.62373982936289,0.264034395293058,0.391261920115699
"Cttn",0.509881422924901,253,-0.02106161552783,0.0857664126704378,1,1
"Cttnbp2nl",0.505813953488372,172,0.0921182019884315,0.0567804275830213,1,1
"Cubn",0.905737704918033,122,3.35755200461808,-51.6923624477349,2.75994474195072e-24,4.76214630025018e-23
"Cuedc1",0.737437934458788,1007,1.50066000036414,-102.848509397465,1.19316277157981e-46,4.06523275271254e-45
"Cul1",0.534811957569913,1037,0.179353581590005,-1.31495412895174,0.104867772666774,0.186852267093015
"Cul2",0.515611814345992,395,0.104023064543228,-0.0441894801531362,0.766248176186155,0.879305481032907
"Cul3",0.488710777626194,1466,-0.0392891311140575,-0.869364054447033,0.187300064468797,0.299252090624749
"Cul4a",0.442872117400419,795,-0.328622747461371,-6.24831039076525,0.000407688779288697,0.00148717776444877
"Cul5",0.394488085886358,1273,-0.665626812445944,-27.110388091816,1.79182262977878e-13,1.81125203178842e-12
"Cul9",0.550546448087432,549,0.371733715057983,-1.78922004310505,0.0585340925522291,0.11551920882404
"Cutc",0.619415807560137,194,0.611729410283941,-4.77178167601147,0.00200651817035293,0.00623506942565226
"Cux1",0.54451198919284,2397,0.267351194356821,-4.82517726233618,0.00189315043511209,0.00591290168472421
"Cux2",0.457325581395349,860,-0.216875416368882,-3.99634916986929,0.00469663668538592,0.0132064622674111
"Cwc25",0.486111111111111,156,-0.0687127500840141,-0.112587958266545,0.635124116719953,0.768718631626998
"Cwc27",0.432073791348601,1310,-0.376959655430135,-12.5877170216038,5.23447328791891e-07,3.01060708727607e-06
"Cwf19l1",0.523255813953488,172,0.0941221773645502,-0.0813899735986183,0.686609877431214,0.812218099633118
"Cwf19l2",0.426388888888889,1260,-0.441214121837917,-13.7059003569091,1.6442481281731e-07,9.96946109873336e-07
"Cxadr",0.453457711442786,1005,-0.33543235923711,-4.42284350373529,0.00293782293909557,0.00874442020718823
"Cxxc5",0.375621890547264,201,-0.673771767679012,-6.75592779826036,0.000237061014340961,0.00091235867445902
"Cyb5a",0.205958549222798,386,-2.01197264166608,-72.0909596588493,3.2420303862907e-33,7.60856921425986e-32
"Cyb5b",0.526286463454605,1017,0.156923155708434,-0.644271082733439,0.256316784885747,0.382565768324024
"Cyb5r4",0.424536082474227,485,-0.488044357445376,-5.86695991389047,0.00061371194083247,0.00214543465982684
"Cycs",0.440912356321839,464,-0.298408735935679,-3.7990519404342,0.00584297170117988,0.0159552587706751
"Cyfip1",0.452793834296724,519,-0.216317906926764,-2.8147831602447,0.0176600000521858,0.0421379027196129
"Cyfip2",0.982683982683983,616,5.52552080909507,-435.461950763129,2.05461486260928e-191,3.62909867311407e-189
"Cyld",0.43766416510319,1066,-0.400252628739196,-8.81274099415054,2.6896028167893e-05,0.000120834097096987
"Cyp20a1",0.514857881136951,258,0.12553088208386,-0.0202484701367212,0.840512076153026,0.940252842523185
"Cyp27a1",0.580666666666667,450,0.51765256576173,-4.43006416662308,0.002914670812886,0.00868320927478509
"Cyp2b10",0.322198275862069,116,-0.787696396287136,-7.41506683924405,0.000117640698050703,0.000477390789187616
"Cyp2d22",0.0955284552845529,246,-3.47031993478003,-121.302860005759,1.06305261845198e-54,4.37742894174828e-53
"Cyp2u1",0.543434343434343,165,0.32930762525296,-0.34328765558098,0.407331692771296,0.548227455761167
"Cyp39a1",0.558673469387755,196,0.214124805352848,-0.87978624059383,0.184677849433801,0.296049134320438
"Cyp4b1",0.415789473684211,95,-0.400537929583729,-1.50834733185262,0.0824112752103534,0.15356592982007
"Cyp4f13",0.471358024691358,675,-0.116379183714328,-1.5454604375052,0.0787302410589807,0.148021674506408
"Cyp4f17",0.456647398843931,173,-0.2688167584278,-0.842111236166289,0.194364328785687,0.307812876680471
"Cyria",0.486394557823129,147,-0.211504105193712,0.0416160272425827,1,1
"Cyrib",0.53767332224071,1202,0.219362416318175,-2.1127954054748,0.0398187542782038,0.084257086606338
"Cystm1",0.547350855235711,799,0.366231321504195,-1.58554111074363,0.074952765909488,0.142113831860024
"Cyth1",0.534198048847046,1396,0.227989693307539,-1.35573974570252,0.0996285538195353,0.178846443764836
"Cyth3",0.538853161843516,622,0.244583553727623,-1.12749453393315,0.133184396146587,0.22659915511683
"Cyyr1",0.45986050986051,231,-0.287576590096585,-0.811191620244188,0.202759798680945,0.318078197810458
"D16Ertd472e",0.191729323308271,133,-2.20645087746743,-27.8954000282662,8.06078814111634e-14,8.32369384664198e-13
"D230022J07Rik",0.732716049382716,270,1.54648835290652,-28.3672519423711,4.98806107530945e-14,5.23122905273079e-13
"D330023K18Rik",0.613513513513513,185,0.733213459305099,-4.15376370506561,0.00394811029296107,0.0113635147025535
"D330041H03Rik",0.436586985391766,251,-0.352106243552387,-2.42719774300286,0.0275757753847307,0.0615935455515184
"D3Ertd751e",0.601822079314041,311,0.553935605100532,-5.64472351772099,0.000779488945739445,0.00265265421828194
"D530017H19Rik",0.540268456375839,149,0.216811389073148,-0.339344108712098,0.4100387979845,0.550490234705994
"D530033B14Rik",0.397727272727273,132,-0.512206158285841,-3.05897937556445,0.0133815236228704,0.0331549599692529
"D5Ertd579e",0.56479186526851,1049,0.393548076304624,-6.03667110324523,0.000511479246283776,0.00182028032929836
"D630024D03Rik",0.796296296296296,162,2.16533773194666,-28.4664602015233,4.50933662080476e-14,4.75890996837131e-13
"D630045J12Rik",0.239316239316239,117,-1.78587519464715,-17.4254141845046,3.5595808070693e-09,2.58011947916297e-08
"D6Wsu163e",0.474747474747475,132,-0.17687776208408,-0.184570269710832,0.543473120863064,0.682851289261117
"D7Ertd443e",0.346513996582994,1087,-0.897209090227856,-49.5906432924367,2.30414023904926e-23,3.75373526322782e-22
"D830005E20Rik",0.416854618297223,4893,-0.502468990201794,-285.011525131116,5.55012331937881e-126,5.4782981940692e-124
"D830013O20Rik",0.429748062015504,344,-0.47186872187552,-3.9075181985437,0.00518133044328004,0.0144241006731676
"D830024N08Rik",0.562754714212341,1475,0.345257531141467,-7.58819362700842,9.79202566123254e-05,0.000402440550939844
"D830032E09Rik",0.949928593743027,2134,4.29067716090292,-2105.76217693597,0,0
"D830036C21Rik",0.463333333333333,150,-0.246914740470516,-0.532705998299519,0.301984071511022,0.434401433343759
"Daam1",0.484400821606886,3232,-0.0799301946992196,-3.01524134087276,0.0140608877355983,0.03468455658998
"Dab2ip",0.53643216080402,398,0.232362710091376,-0.677888854509376,0.24427058396393,0.368685441773308
"Dach1",0.557409768517989,961,0.39148947725194,-3.91974427483251,0.00511170671231292,0.0142719531834627
"Dad1",0.5078125,192,-0.0142138592197014,0.0394291084009524,1,1
"Dag1",0.511710170426415,2248,0.0494319848592035,-0.0125941683040764,0.873898668530342,0.969361735775187
"Daglb",0.562841530054645,183,0.341919570074829,-1.15449192652221,0.12862811373195,0.220580454616465
"Dap3",0.5,230,-0.0229004021100794,-0.0116111575089235,0.878880371334547,0.97392191718631
"Dapk1",0.601039967373573,1226,0.548002143427621,-19.2669919888963,5.38085252484333e-10,4.21426862855874e-09
"Dapk2",0.844029850746269,134,2.34314458079706,-38.9499642828014,1.08395302373824e-18,1.46683320470384e-17
"Dapp1",0.763523391812866,228,1.7111396067983,-30.4098671494505,6.25477613261896e-15,7.03217041911867e-14
"Dazap1",0.485599622285175,706,-0.0674445209981345,-0.575705977186203,0.283253773104602,0.413124581720575
"Dbp",0.402173913043478,184,-0.603578178888504,-3.9160412931015,0.00513269279918904,0.0143120916522824
"Dbt",0.426489849377865,509,-0.338801913451759,-6.10048592140242,0.000477646263854091,0.00171093821887168
"Dcaf1",0.484972677595628,671,-0.0811960828479807,-0.588876391068766,0.277813959686104,0.407088305566867
"Dcaf10",0.446703635243376,541,-0.318866130439298,-3.61993249488341,0.00713023412937416,0.0189837887649184
"Dcaf11",0.443469785575049,513,-0.376720567727742,-3.80836922710506,0.00578289828395487,0.0157976448033802
"Dcaf13",0.475895316804408,242,-0.208814014835907,-0.298239175615976,0.439924858024136,0.582516403049517
"Dcaf17",0.493827160493827,243,-0.0524674198941355,-0.0711527945237265,0.705999618412681,0.82785979014429
"Dcaf5",0.492579445571332,986,-0.0252506771154053,-0.321412778383319,0.422689470442831,0.56463066398932
"Dcaf6",0.511202105014191,2416,0.108027622077024,0.813031773187504,1,1
"Dcaf7",0.562295081967213,305,0.36476429279762,-1.86355989125616,0.05353563352955,0.107520656813861
"Dcaf8",0.461963863559608,2115,-0.25740619957655,-7.06427585309257,0.000170732576750189,0.000673696093561004
"Dcakd",0.511378205128205,520,0.0581029545635676,-0.0307428960720699,0.804162811874194,0.909442425155786
"Dcbld1",0.401041666666667,256,-0.502500340529183,-5.57692108138278,0.00083857812193415,0.00282983225461137
"Dcbld2",0.451768488745981,311,-0.245979241654064,-1.79234290215851,0.0583144431856859,0.115187328623403
"Dclre1a",0.29024024024024,555,-1.29218075149331,-50.1736357890327,1.27887786603699e-23,2.14595705921007e-22
"Dcn",0.495801199657241,389,-0.00615222698159545,-0.105940337445418,0.645297326920144,0.777600656784202
"Dcp1a",0.458535926526202,617,-0.252766070379967,-2.77185079875255,0.0185473114895635,0.0439426596251147
"Dcp1b",0.646037037037037,1575,0.888251642347544,-49.2362627101202,3.29565498139185e-23,5.35603782932254e-22
"Dcp2",0.632867132867133,143,0.796466605914867,-4.60464892460823,0.00240789028774037,0.00733958202148653
"Dcps",0.453065134099617,174,-0.180572245641821,-0.868589978189732,0.187496541947566,0.299376267350926
"Dct",0.723098330241187,154,1.48903808072262,-14.0855842332555,1.11046467589571e-07,6.90133231908518e-07
"Dctn4",0.632821387940842,879,0.795242426765566,-26.1414710000993,4.80530463352339e-13,4.70163333822289e-12
"Dctn5",0.422779922779923,259,-0.427421223734677,-3.56435098175632,0.00758596250928925,0.0200224067488594
"Dctn6",0.651027703306524,373,0.946757978723021,-15.6399563378585,2.23378985698371e-08,1.48447500198759e-07
"Dcun1d1",0.53676780446692,791,0.223312214189337,-1.22095581614815,0.118132184173352,0.205575115419117
"Dcun1d2",0.576950354609929,705,0.417017863407084,-6.66548504177854,0.00026105843121167,0.000997523474911009
"Dcun1d3",0.50513698630137,438,0.0409717810563057,0.00324235942889572,1,1
"Dcun1d4",0.438095238095238,210,-0.290779396316698,-1.88987813030406,0.0518762169100358,0.104715734529998
"Dcun1d5",0.485627418463239,603,-0.0914983544854957,-0.480357604914957,0.327006746955745,0.461397789692445
"Ddah1",0.557575757575758,110,0.250543461650597,-0.548428222696728,0.294957019608867,0.42685457430244
"Ddb1",0.48452380952381,280,-0.116253068495848,-0.264539582621353,0.466994254968788,0.610293115138338
"Ddb2",0.483783783783784,185,-0.162938571126205,-0.129936750804632,0.61020707418936,0.745759264741257
"Ddhd1",0.567420435510888,398,0.467778961350817,-2.74330736582618,0.0191626122399358,0.0450505966215233
"Ddhd2",0.416018998272884,386,-0.501546492533519,-6.18221804684748,0.000437589713687316,0.00157993661015022
"Ddi2",0.554514632405425,934,0.324683960177871,-3.88062539138218,0.00533789823515817,0.0148075309007292
"Ddit3",0.526274875621891,536,0.159529830079934,-0.367137336215478,0.391501100169751,0.531181601847456
"Ddit4",0.729166666666667,120,1.35198532874354,-11.841277009238,1.13607756968694e-06,6.3280934836006e-06
"Ddo",0.676799440950384,477,1.19423540884849,-26.4898226405367,3.37022824713853e-13,3.33642654790469e-12
"Ddx1",0.501234567901235,270,-0.0198995574377054,0.00428677998849025,1,1
"Ddx10",0.435661764705882,544,-0.382247564161174,-5.33553674830529,0.00108823943397945,0.00358227713627763
"Ddx17",0.48119644723093,1595,-0.138430110192119,-1.62140091719175,0.0717378589825061,0.137102650766111
"Ddx18",0.54375,240,0.234465253637023,-0.646856111757074,0.255364960584731,0.381484445903564
"Ddx19a",0.439393939393939,209,-0.370643379920391,-1.79104676881516,0.0584055014986719,0.115333252738772
"Ddx23",0.543191056910569,328,0.321928094887362,-0.711470448205546,0.232919951875138,0.354930127323079
"Ddx24",0.509757068896854,837,0.0673754353415306,-0.0387869324988515,0.780612560467628,0.890460826964433
"Ddx39b",0.364197530864198,675,-0.798096954196507,-26.9782928244309,2.04968858015123e-13,2.05950744760106e-12
"Ddx42",0.511644832605531,229,0.0931094043914813,0.00530252773469897,1,1
"Ddx46",0.551020408163265,539,0.282282290427072,-2.16067077158624,0.037637238571411,0.0803502370519435
"Ddx47",0.561764705882353,170,0.387023123109247,-0.996695118216167,0.157986851308705,0.260478444113001
"Ddx5",0.492067044208988,1564,-0.0504861934543688,-0.650479458930931,0.254038140508133,0.380059844264433
"Ddx50",0.55577522675737,1344,0.297891590180923,-5.23699927378607,0.00121066398251602,0.00394848233753523
"Ddx52",0.512765957446809,235,0.0894981508391028,-0.0141361318185318,0.866470325165138,0.962872321607352
"Ddx6",0.514630325814536,1064,0.153831025322012,0.275285005724072,1,1
"Deaf1",0.552679382379655,367,0.34564416386117,-1.48405436553236,0.0849210819742498,0.157432649236568
"Decr1",0.449475604195166,731,-0.28177096841538,-4.56420967526913,0.00251669063070438,0.00762275609805407
"Dedd",0.506493506493506,231,0.119298928372345,0.0942673759820423,1,1
"Dedd2",0.529471544715447,164,0.115477217419936,-0.152992068927801,0.580154997957384,0.718185235390993
"Def8",0.566546762589928,278,0.360175564244325,-1.96042597524698,0.0476907062596262,0.0977404642487362
"Dek",0.507334963325183,409,0.0441998039105345,-0.000147114056289865,0.986314494362554,1
"Dele1",0.455205811138015,413,-0.271302021817394,-2.09460523644736,0.040682039425743,0.0858402542048371
"Dennd10",0.435985853227233,377,-0.4623432140572,-3.36856986110087,0.00944259019750472,0.0243389652095437
"Dennd1a",0.51787921791233,2265,0.0846664311187029,-0.267806878049669,0.464256234567287,0.607306148200278
"Dennd1b",0.428534900710633,1434,-0.400798132495587,-16.0987452094146,1.3927052806892e-08,9.45180772900499e-08
"Dennd2b",0.430957074025405,761,-0.387023123109247,-8.15019152399088,5.4053023885113e-05,0.000232566600203127
"Dennd4a",0.439449262132968,313,-0.393144893430002,-2.63008896623427,0.0218187880220451,0.0503602837702773
"Dennd4c",0.483757189195083,1747,-0.102180394806478,-2.10542342517465,0.0401662798040422,0.0849121480455846
"Dennd5b",0.455703797508777,1446,-0.270536249404089,-6.10038802345616,0.000477696397819656,0.00171093821887168
"Dennd6a",0.486017897091723,894,-0.0879198482889181,-0.663785560829865,0.249237777798972,0.37449831309306
"Dennd6b",0.518115942028985,138,0.117039421190219,-0.0350548344002135,0.791177169429278,0.898997995803168
"Depdc5",0.502240032881217,811,-0.0168738185643962,0.00127788010513541,1,1
"Depp1",0.196915776986951,281,-2.11894107272351,-55.5028215115202,5.90025098082502e-26,1.07323806458801e-24
"Deptor",0.179775280898876,356,-2.36864459379439,-78.6113345193848,4.57608409995097e-36,1.16785842124984e-34
"Derl1",0.479166666666667,288,-0.0276563429028656,-0.27615886031117,0.457372218194974,0.599820697249837
"Derl2",0.529850746268657,335,0.157828809631356,-0.357732478686046,0.397635526434044,0.5378737713473
"Des",0.581125703193091,1202,0.500640797791536,-8.05665855831808,5.96630168524134e-05,0.000254420691939898
"Desi1",0.568411386593205,363,0.400783515598603,-2.55579960198548,0.0237664035893767,0.0542736460769619
"Desi2",0.481264957264957,975,-0.180425413924134,-0.781455684996217,0.211239448388024,0.328812425227369
"Det1",0.514590347923681,297,0.0869356367712815,-0.023423979251163,0.828641755936499,0.929607799740228
"Dexi",0.594194756554307,445,0.653349475701407,-5.67818915992171,0.000751893004073067,0.00256829813910352
"Dffa",0.440136054421769,245,-0.384143491333059,-2.14824472907569,0.0381911296087065,0.0813515905850963
"Dffb",0.720261437908497,255,1.28950661719498,-22.7475188735038,1.53026028382255e-11,1.34968554862247e-10
"Dgat2",0.47812218107582,1652,-0.0909523717829923,-2.25724348648873,0.0336089640086263,0.0730989521794879
"Dgcr2",0.557112068965517,464,0.344334507935642,-2.2927241409713,0.0322445357418223,0.0705198188006228
"Dgcr8",0.41324200913242,219,-0.468675462880918,-3.72689929537103,0.00633027157260572,0.0170295722626572
"Dgka",0.601626016260163,123,0.594007640324163,-2.16954511666675,0.0372468208902509,0.0796434093072201
"Dgkd",0.486831761006289,848,-0.0586655769429045,-0.606884160725713,0.270587097566537,0.398634898785468
"Dgkg",0.717717717717718,111,1.32192809488736,-9.82899815674756,9.261492564322e-06,4.46574267900354e-05
"Dgkz",0.486979166666667,320,-0.126263772646173,-0.161426045413975,0.569898663141544,0.708362930927045
"Dglucy",0.466960352422908,454,-0.202421000431274,-1.37405956700553,0.0973689072678487,0.17554125855004
"Dguok",0.462380952380952,350,-0.170800688899176,-1.26481264107377,0.111726745748567,0.196981853812552
"Dhdds",0.530772408095828,807,0.161129125879552,-0.899106819395342,0.179928607351632,0.28989278263483
"Dhps",0.435294117647059,255,-0.380423744197508,-2.54276064087421,0.0241264227564223,0.0550056214473868
"Dhrs11",0.436462324393359,1566,-0.358180879759649,-14.3383854140425,8.5523472429449e-08,5.3597903543087e-07
"Dhrs3",0.437955182072829,595,-0.392100688001685,-5.01049525621909,0.00154766214628292,0.00493487331394346
"Dhrs4",0.547785547785548,143,0.280107919192735,-0.49818423505036,0.318190830243159,0.451601879334772
"Dhrs7",0.205047318611987,317,-2.12029423371771,-60.4928644168892,3.84890738325232e-28,7.62060954465768e-27
"Dhrs7b",0.370588235294118,170,-0.791891804669799,-6.32075775941115,0.000377274007999435,0.00138906370910159
"Dhrs7c",0.485446009389671,355,-0.121186346520058,-0.193912058053911,0.533445361732773,0.673380368609237
"Dhtkd1",0.542268786127168,692,0.222392421336448,-1.54683542769249,0.0785973132972189,0.147854587121898
"Dhx15",0.530850675428989,913,0.171148142711753,-1.00262066306368,0.15675634598773,0.258835151189004
"Dhx29",0.478703703703704,180,-0.116644918852271,-0.289984365047133,0.44632457799697,0.588781135460806
"Dhx30",0.517233154442457,559,0.0395283641866371,-0.0112499390401126,0.880764935892167,0.975205253993438
"Dhx32",0.550991852639036,941,0.255326310698531,-3.23754780972922,0.0109396428186937,0.0278237524058628
"Dhx33",0.513089005235602,191,0.0985638344835902,-0.0095491870215767,0.890084831127819,0.98293013927771
"Dhx35",0.517996870109546,426,0.117836490293858,-0.116965365603392,0.628624444275793,0.762718702370949
"Dhx40",0.527093596059113,203,0.0658879356564572,-0.0750171013198155,0.698502675183475,0.821924852801435
"Dhx57",0.505405405405405,370,0.0193653248669312,0.00183013808515398,1,1
"Dhx8",0.550925925925926,216,0.291956015136303,-0.852190130289074,0.191716129426673,0.304711972699936
"Dhx9",0.452989352989353,407,-0.237440224416951,-2.09430302087674,0.0406965470602312,0.0858438792797837
"Diablo",0.51451800232288,287,0.0466932354480418,-0.0136006744187114,0.869000406034108,0.965204488714369
"Diaph1",0.493243243243243,222,0.0593785470789312,0.0539493726496403,1,1
"Dicer1",0.550294117647059,850,0.304854581528421,-3.0279776931402,0.0138594750758688,0.0342380554689846
"Dido1",0.493273542600897,446,-0.0179219079972626,-0.140486678780519,0.59606395235185,0.732887418626828
"Dip2b",0.515035035035035,1665,0.122583182732702,0.225142357411642,1,1
"Dip2c",0.603773306065689,3863,0.664227943866054,-141.360312407518,1.91749792690858e-63,8.90508371183746e-62
"Dipk1a",0.314903846153846,208,-1.09310940439148,-15.3665211445118,2.96080040926717e-08,1.94071214326184e-07
"Dipk2a",0.58743961352657,345,0.501546492533519,-4.26136059939307,0.00350739650520525,0.0102399501274196
"Dis3l",0.536858974358974,312,0.190430656876954,-0.559227216705381,0.290251497939071,0.421772689795852
"Dis3l2",0.48017825311943,935,-0.12049529218656,-1.24519214555971,0.114543753083628,0.200788109348998
"Disc1",0.536414565826331,357,0.233313707713794,-0.57696708189701,0.282727103193876,0.412535721008107
"Disp1",0.483870967741935,341,-0.152808843279392,-0.262608500903355,0.468624702013428,0.611709257081706
"Dixdc1",0.907766990291262,103,3.40599235967584,-45.1385380616412,2.07037539677165e-21,3.17994500300487e-20
"Dlat",0.527533282130056,1860,0.181865894007015,-1.20554939945077,0.120477774695153,0.208952667636658
"Dlc1",0.481660330538041,4101,-0.0809366286541533,-8.17571451494132,5.2616473397726e-05,0.000226821945693986
"Dld",0.472960538797192,1004,-0.189405381684655,-1.86920829386054,0.0531748132866141,0.106891089182316
"Dleu2",0.48376193962562,2087,0.00919893684646467,-0.839055125977666,0.195175744915649,0.308748432682968
"Dlg1",0.503679873985218,1965,0.0297090558171629,-0.0335936514084096,0.795476968115047,0.902688239619726
"Dlg5",0.452074391988555,233,-0.311586150665903,-1.27566177521652,0.110201901401084,0.195010588506215
"Dlgap1",0.539316582454568,904,-0.0202309368255977,1.42548920952368,1,1
"Dlgap4",0.498563218390805,290,-0.00915999928547606,-0.0538506188313477,0.742776576478106,0.860016626068837
"Dlst",0.4535953978907,1043,-0.219373177037654,-5.18807526939668,0.00127653571962004,0.00413718384842575
"Dlx1as",0.541237113402062,194,0.183221824055771,-0.431102063726712,0.353122616446429,0.490005995780117
"Dmac2",0.710772600557547,837,1.37931557704488,-65.5283521940862,2.40633361654735e-30,5.12740039183042e-29
"Dmpk",0.45486301369863,1460,-0.246463426339526,-6.95275863023016,0.000192233352353353,0.000755573584593121
"Dmtf1",0.510233918128655,570,0.0574502721838996,-0.0171421627967447,0.853103330141164,0.951009724615095
"Dmxl1",0.502698412698413,1880,-0.00999100281663123,0.00719890995605965,1,1
"Dmxl2",0.455031446540881,1060,-0.246115613375949,-5.11836146329506,0.00137671958277464,0.00444256819210738
"Dnaaf5",0.545833333333333,120,0.242856523896164,-0.361857119545078,0.394928267385866,0.534966403772741
"Dnaaf9",0.555566251240079,2560,0.339993429126896,-8.94078611731447,2.35086456970112e-05,0.000106759154207266
"Dnah7b",0.863333333333333,150,2.59454854955036,-48.4961576347705,6.95969269923239e-23,1.11487965148563e-21
"Dnai4",0.25974025974026,154,-1.57346686188333,-19.1717674372397,5.93243023107087e-10,4.6354449023222e-09
"Dnaja1",0.461159951159951,390,-0.179909090014934,-1.32000782259166,0.104202517749854,0.186012579557718
"Dnaja2",0.556187784100579,1399,0.368283730579102,-3.90858141123476,0.00517523758983222,0.0144133587979062
"Dnaja3",0.528181189488243,482,0.210217707390346,-0.338525817924449,0.410603835238352,0.550864069981975
"Dnaja4",0.517179487179487,520,0.171565359823568,0.125938103677981,1,1
"Dnajb1",0.505928853754941,253,-0.0245223191340687,0.0511791940175499,1,1
"Dnajb11",0.518867924528302,159,0.0679040645018034,-0.0339856533180267,0.79431378353402,0.901646222743166
"Dnajb12",0.521857923497268,244,0.084888897586513,-0.0798465633374406,0.689439204776456,0.814706889526245
"Dnajb14",0.568724279835391,405,0.323321330187229,-2.99599041617159,0.0143710557602106,0.0353846391278552
"Dnajb2",0.501223404255319,940,-0.00731715029679991,-0.0477558887243958,0.75728364660624,0.871850400689723
"Dnajb4",0.476684166048807,1991,-0.0903728705585529,-3.27365770371398,0.0105042534974234,0.0267976242777293
"Dnajb5",0.497604380561259,487,-0.0312509339844391,-0.0573973114459818,0.734750191620935,0.852930350425409
"Dnajb6",0.491388557806913,1678,-0.0136318655877665,-0.687035373025083,0.241113702698198,0.364919674590959
"Dnajb9",0.503105590062112,161,0,-0.000501448726197395,0.974736370812973,1
"Dnajc1",0.558058428850992,2044,0.309571741893944,-8.85179898389379,2.58137879738891e-05,0.000116517918547911
"Dnajc11",0.445869314910766,1158,-0.30738553730348,-7.43327787994872,0.000115390785654278,0.000468543831404426
"Dnajc12",0.363157894736842,95,-0.864344900642434,-3.88046782039461,0.00533882967517351,0.0148075309007292
"Dnajc13",0.485924617196702,849,-0.0631100438546381,-0.751805558889032,0.220116567418746,0.340341488254924
"Dnajc15",0.416308446455505,884,-0.509861045480438,-12.7582613872378,4.38610625108434e-07,2.54447235585809e-06
"Dnajc17",0.453488372093023,129,-0.141355849245542,-0.591076207991591,0.276918241704296,0.40617902935298
"Dnajc18",0.456962719298246,304,-0.213173891307069,-1.50627445616658,0.082622274140553,0.15383098586169
"Dnajc2",0.466666666666667,120,-0.169925001442312,-0.373471274560814,0.387445967612117,0.526637775336681
"Dnajc21",0.558380414312618,354,0.313935304133832,-1.69197522942369,0.065834080941999,0.127489426221205
"Dnajc24",0.55688622754491,167,0.378511623253729,-0.782757054430931,0.210859671631403,0.328526025067311
"Dnajc25",0.456252811515969,741,-0.258943309194693,-3.46796276800683,0.00844813361098907,0.0220038311202789
"Dnajc27",0.523809523809524,182,0.158064846232252,-0.114063294410698,0.632916427307361,0.767365437154444
"Dnajc3",0.567117117117117,555,0.449896256490495,-3.90715864549009,0.0051833925541836,0.0144241006731676
"Dnajc5",0.509382305893934,903,0.111031312388744,0.239854133420067,1,1
"Dnajc7",0.486147787815613,1439,-0.0874628412503395,-1.15157807797732,0.129111411096701,0.221265666991544
"Dnajc8",0.519197207678883,382,0.147753620443692,-0.0457254413054784,0.762340698858855,0.875719796464254
"Dnm1l",0.465521783181358,1645,-0.205748665216576,-4.6166808779476,0.00237644928569914,0.00725362783338455
"Dnm2",0.447605807846772,1079,-0.280246806802074,-6.58929291531354,0.000283166364851034,0.0010707676850029
"Dnm3",0.449754901960784,136,-0.222392421336449,-0.845297419268803,0.193522574926002,0.306808890305293
"Dnmbp",0.504126984126984,525,0.042228235389298,0.00898645702557133,1,1
"Dnmt3a",0.475145833333333,800,-0.179649511334133,-1.16762784944501,0.126474221396303,0.217553811894409
"Dnttip1",0.505456349206349,336,0.0715532610250342,0.0309995827125817,1,1
"Dnttip2",0.627450980392157,221,0.687532234361704,-6.44170083149325,0.000331509139830235,0.00123616074807808
"Doc2g",0.604166666666667,312,0.591915261362923,-5.83370153997464,0.000636047323106369,0.00221314133369101
"Dock1",0.454279464041564,1219,-0.279533620773111,-5.68649326472632,0.000745199611543614,0.00254932711145807
"Dock10",0.577777777777778,120,0.568283759574526,-1.02728897801953,0.151749297535572,0.251989432226314
"Dock2",0.475643130815545,87,0.0246620542342697,-0.0244161004493719,0.825107934378701,0.926727653204458
"Dock3",0.0544871794871795,468,-4.21883460192326,-286.315695736557,1.50286720904323e-126,1.52837041016639e-124
"Dock4",0.557240609509493,1774,0.343015364940197,-7.40824147975582,0.000118495279548678,0.000480568166967207
"Dock5",0.650678294573643,344,0.853710557749344,-14.3879436766269,8.12564918967534e-08,5.11146741903476e-07
"Dock7",0.423116615067079,646,-0.431488020059438,-8.8230204565491,2.66068546208219e-05,0.000119695179768738
"Dock8",0.273719165085389,527,-1.39463128861701,-56.7414546883878,1.69132886585658e-26,3.16217252023102e-25
"Dock9",0.456066802999318,326,-0.237989276387466,-1.42241932278728,0.0916677957622936,0.167194088357749
"Dok7",0.397567716970702,603,-0.612377958301557,-13.6460602945618,1.74922771767972e-07,1.05582881664265e-06
"Dop1a",0.522124219037119,907,0.182018073430332,-0.236088167030061,0.491987653275629,0.633580416113972
"Dop1b",0.596685082872928,181,0.493040011280117,-2.86632309976062,0.0166523716107282,0.040161954096733
"Dot1l",0.461037639877925,983,-0.259673437415907,-3.24862272872883,0.0108041752102566,0.0275313682654679
"Dpf2",0.541117388575016,531,0.190683561609109,-1.13278356567218,0.132277780114937,0.225399456748275
"Dpf3",0.484094804588502,2380,-0.10160873341575,-2.41387989079431,0.0280049969400189,0.0624579895512075
"Dph3",0.616584564860427,203,0.574236094128098,-4.66593259024012,0.00225203013335285,0.00691158036354107
"Dph6",0.458352668213457,862,-0.16809533088523,-3.68661799302674,0.00662016974171628,0.0177312766585793
"Dpm1",0.516666666666667,205,0.0986842748594068,-0.0395358837836284,0.778559285398408,0.889327760992872
"Dpp6",0.521515419180849,417,0.27715822476734,1.20209019692084,1,1
"Dpp8",0.503787878787879,572,0.0044459050311918,0.00842921856849443,1,1
"Dpy19l4",0.517651888341544,406,0.167007518060018,0.079270124941047,1,1
"Dpy30",0.425837320574163,209,-0.396517411308046,-2.70009183425526,0.0201346325591389,0.0470064882563271
"Dpysl3",0.479351032448378,113,-0.161751069996612,-0.171901500661519,0.557642239967365,0.695964059996459
"Dram1",0.443830570902394,181,-0.372658897008292,-1.30348630627475,0.106394698010968,0.189221307114366
"Drc3",0.607506361323155,262,0.718979848692844,-5.36447280263113,0.00105472529100592,0.00348854686782823
"Drg1",0.57731694828469,651,0.482151695137381,-6.1688070905808,0.000443922008396373,0.00159935830400239
"Drosha",0.516209476309227,401,0.0843162859334745,-0.0711674736299983,0.705970704834121,0.82785979014429
"Dsc2",0.4336502448862,1157,-0.356279599678139,-10.7608179079261,3.49859102348987e-06,1.80496102610792e-05
"Dsg2",0.727830940988836,1045,1.44192787099799,-94.9811173396636,3.24021927018237e-43,9.7090855988679e-42
"Dsp",0.549096819395192,2212,0.258246696658159,-5.95952678047661,0.000555627022579194,0.00195664668182138
"Dst",0.526715792129704,4028,0.180160889356881,-6.75963855195005,0.000236125355744059,0.00090927905206777
"Dstn",0.492530413625304,685,-0.0970788813402401,-0.0102173313679259,0.886329779586929,0.979589244292354
"Dstyk",0.549119818285065,587,0.285643977562586,-2.06572242643597,0.0420933969155342,0.0881806741875985
"Dtd1",0.387417218543046,151,-0.658211482751795,-4.0186717765331,0.00458226865526232,0.0129390774985783
"Dtna",0.452217866081758,2667,-0.271677785924597,-14.5385834083922,6.95518991415234e-08,4.41240403627509e-07
"Dtnb",0.336641852770885,403,-0.968291140272662,-22.4859057300443,1.99891267011509e-11,1.74924404717243e-10
"Dtnbp1",0.500715174129353,1072,0.0266983213907879,-0.0435224003249459,0.767968244111897,0.88067706380985
"Dtwd1",0.372611464968153,157,-0.78135971352466,-5.55319388870247,0.000860308891211114,0.00289837047612912
"Dtwd2",0.396820809248555,346,-0.539447841468788,-8.35855239308535,4.33880426381857e-05,0.000189104248173703
"Dus4l",0.501506024096386,332,0.0530183822994905,0.0307395884366315,1,1
"Dusp1",0.430894308943089,287,-0.368243287799903,-3.16412506777243,0.0118829507430243,0.0299056488140903
"Dusp10",0.28037037037037,450,-1.40794807449252,-44.9088981016075,2.61134754167232e-21,3.97445911557928e-20
"Dusp11",0.510876519513756,521,0.0400774393753354,-0.00487313351663943,0.921358060718343,1
"Dusp12",0.573285198555957,277,0.503168409557508,-2.1682809315617,0.0373021772793281,0.0797363738531371
"Dusp16",0.494771010387158,1412,-0.00144776233011479,-0.30955271583116,0.43137990747516,0.573350879004609
"Dusp18",0.388172043010753,310,-0.70626879694329,-8.26457594289161,4.79078198251853e-05,0.000207322557489777
"Dusp3",0.529855643044619,254,0.18312230382389,-0.250741522951444,0.478849208528132,0.619983387688282
"Dusp7",0.587002096436059,159,0.516575525740906,-2.02725839443951,0.0440533251512619,0.09158918432248
"Dvl1",0.435443037974684,790,-0.42127330107502,-6.88190431261626,0.000207291397697049,0.00080891852403639
"Dvl3",0.511013215859031,227,0.108706259442499,0.0213994223489635,1,1
"Dym",0.555345436207766,661,0.369098122382206,-2.75564404475267,0.0188941270809126,0.0445912028716896
"Dync1h1",0.51681195516812,803,0.147643554066306,-0.0378374956496828,0.783246419430788,0.891949434546904
"Dync1i2",0.586065573770492,488,0.563525330058864,-5.83727820157304,0.000633606459669481,0.00220693645941959
"Dync1li2",0.600071225071225,468,0.558924639819633,-8.07563405560273,5.84794037899984e-05,0.000250008763209216
"Dync2h1",0.563333333333333,210,0.319177483871328,-1.24672648547542,0.114320662336365,0.200575900460621
"Dynll2",0.544444444444444,225,0.243042930646327,-0.63592026827331,0.259421680295351,0.385998297083217
"Dyrk1a",0.483125275861496,2540,-0.0667660519304383,-2.90818319516256,0.0158777131320054,0.0385150742833466
"Dyrk2",0.561930783242259,183,0.30875270613963,-1.10623264716898,0.136899744392763,0.231979571917249
"Dysf",0.37866896927362,2150,-0.727702672837238,-57.6206467369079,6.96814158967043e-27,1.33629046713908e-25
"Dzip3",0.467675941080196,611,-0.187423591819652,-1.62881281885063,0.0710919955563192,0.136183140648202
"E130102H24Rik",0.39378612716763,346,-0.695145418471579,-8.38574824478951,4.21618868301489e-05,0.000184118792715654
"E130307A14Rik",0.615421455938697,348,0.775293712825305,-7.31500053466789,0.000130815386443824,0.000528298961378427
"E130308A19Rik",0.480218614029502,1047,-0.0788554207112395,-1.33796961620487,0.101875207077576,0.182294425461128
"E130311K13Rik",0.447916666666667,192,-0.353636954614701,-1.28042596049644,0.109539541019956,0.19404312465715
"E230013L22Rik",0.532608695652174,115,0.18057224564182,-0.178308996524549,0.550390541560947,0.688834852686384
"E230016M11Rik",0.623188405797101,138,0.747233929620033,-3.81134164805377,0.00576386638403403,0.0157584811281615
"E2f3",0.5036800486618,548,-0.0529115310384434,0.205529697442103,1,1
"E2f6",0.447627314814815,288,-0.299560281858908,-2.02438492791913,0.0442035451249213,0.091811115951129
"E330011O21Rik",0.77536231884058,69,2,-10.2681106820927,5.85134577805799e-06,2.88568940942874e-05
"E330017L17Rik",0.226851851851852,180,-1.69333866176595,-28.4195519845981,4.7296733507164e-14,4.96800743818599e-13
"Eapp",0.489495798319328,238,-0.0450878895285376,-0.130744101334784,0.609099578293546,0.744812601476822
"Ebf1",0.489193844740469,622,-0.0795672573183182,-0.23670101719722,0.491426222954543,0.632978854053137
"Ebf2",0.595008051529791,207,0.569020956852134,-3.10175483749956,0.0127497251494676,0.0317772577806262
"Ecd",0.458333333333333,380,-0.28405990929692,-1.71720461040945,0.0638514177082667,0.124223395842866
"Ece1",0.414141414141414,264,-0.452966954911165,-4.30281212849013,0.00335126481756639,0.00981828435421458
"Ech1",0.532361111111111,600,0.179549420330713,-0.720211385189145,0.230070939267036,0.351602036511918
"Echdc1",0.52238209432454,417,0.0907654639231819,-0.160820028205819,0.570623694172764,0.709001524488632
"Echdc2",0.546601546601547,819,0.308381563049414,-2.45433126449711,0.026722325176831,0.0600067736991936
"Echdc3",0.664268585131894,139,1.05771549785629,-6.96092458047974,0.000190570287391377,0.000749770087321761
"Echs1",0.394040553907023,674,-0.600197014416317,-16.2198937681673,1.22943345565585e-08,8.38613552272571e-08
"Eci1",0.462189957652753,551,-0.218797365798364,-2.08879456927139,0.0409619302482092,0.0862681129042924
"Eci2",0.379037037037037,450,-0.643003112954231,-14.3477636843886,8.46991250497956e-08,5.31308904050681e-07
"Ecpas",0.493114358483141,2915,0.0103102687776944,-0.594413757441544,0.275566188050474,0.404637990416709
"Ecsit",0.554531346989448,537,0.306552869000447,-2.60788965866107,0.0223828129778591,0.0514850722095238
"Edar",0.423076923076923,52,-0.509013647487858,-0.711569680049763,0.232887370207147,0.354930127323079
"Edc3",0.444444444444444,237,-0.321928094887362,-1.8749390651268,0.0528113618081133,0.106255953374118
"Edem1",0.398936170212766,235,-0.617912922522443,-5.44210891729728,0.000969871289398607,0.00323386790583381
"Edem3",0.517094017094017,624,0.138636975457487,-0.0386562878260293,0.780972909737345,0.890569176037557
"Edn1",0.55829420970266,213,0.267104070142841,-1.00380698265951,0.156511304366867,0.258617399042444
"Edn3",0.574675324675325,77,0.572578776265323,-0.505949771396757,0.314448197066274,0.44744038556473
"Ednra",0.49438537484845,1652,-0.016323512375592,-0.666985184047462,0.248100111585799,0.373122999991907
"Edrf1",0.562383612662942,358,0.391508963782603,-2.21859786760086,0.0351639609294683,0.0759152479120588
"Eea1",0.479048556315133,1478,-0.226322627477272,0.0628024203674613,1,1
"Eed",0.456623931623932,390,-0.25583890442959,-1.78435878487943,0.0588777652672671,0.116067572328757
"Eef1a2",0.477230549607423,934,-0.116491271753447,-1.53000738714354,0.0802409396933904,0.150524647071558
"Eef1akmt1",0.669154228855721,201,1.0790715709912,-10.5102505973132,4.54395072149637e-06,2.29488316348259e-05
"Eef1akmt2",0.447222222222222,180,-0.338416217675932,-1.21331699446964,0.11928879870041,0.207211805610029
"Eef1g",0.593516209476309,401,0.545434136534518,-6.05389030507592,0.000502118636179288,0.00179171732378277
"Eef2",0.500462962962963,360,0,-0.0295317045456045,0.807982431206003,0.912839265823042
"Eef2k",0.589097222222222,480,0.515211392278737,-6.38421869350111,0.000352517196720463,0.00130579217681443
"Eefsec",0.47463768115942,529,-0.126345733865413,-1.0883657479369,0.140111743187616,0.236824482567434
"Eepd1",0.428546798029557,580,-0.578938713093386,-5.37709671584912,0.00104043301148412,0.00344937526547775
"Efcab14",0.473628691983122,316,-0.0588936890535683,-0.51967424696835,0.307973043392304,0.440655524887901
"Efl1",0.527210884353742,490,0.0991754050908353,-0.350835296311232,0.402222919669108,0.542984762031186
"Efna5",0.292996723704038,3765,-1.25414107767114,-622.395099730713,1.12534688432804e-272,3.14722011983741e-270
"Efr3a",0.473104382077794,1354,-0.161653263478769,-2.4043977576639,0.0283148294705173,0.0630136390603821
"Eftud2",0.526923076923077,260,0.123735368422245,-0.200533251911054,0.526538983325526,0.666586356306181
"Egf",0.835416666666667,144,2.77649395835284,-32.0481691475442,1.18481545389767e-15,1.39029393821e-14
"Egflam",0.799342105263158,152,1.93490497177812,-27.7955237618242,8.92290641807622e-14,9.19977693980454e-13
"Egfr",0.407828282828283,264,-0.539810464328781,-4.9182329261206,0.00171085888515288,0.00540389874689228
"Egln1",0.550412679760506,1702,0.284567567383435,-5.33220080237516,0.00109217179489737,0.00359169871991726
"Egln3",0.487377585203672,851,-0.0344162030204811,-0.669672029489448,0.247149677851706,0.372110506446983
"Egr1",0.478083804143126,708,-0.0557248045267356,-0.889755525448891,0.182209378032358,0.292581183098848
"Ehbp1",0.509414720792698,3757,0.032741178384957,0.0132667138705074,1,1
"Ehbp1l1",0.485785358919687,469,-0.0877956044950139,-0.414544152325959,0.362536287742944,0.501100404310264
"Ehd1",0.749680715197957,261,1.52525625459689,-31.2849591848762,2.57151361253588e-15,2.96563563012729e-14
"Ehd4",0.452234668890204,2290,-0.302081309965608,-10.6314765834682,4.00395457537167e-06,2.03749379150073e-05
"Ehhadh",0.409204647006256,373,-0.644734721238525,-5.38741196392368,0.00102890002972099,0.00341373059786815
"Ehmt1",0.467777334397446,1790,-0.151776058266221,-4.60840045178202,0.00239804204998357,0.0073128842523806
"Ei24",0.45625,160,-0.299560281858907,-0.739696387066175,0.223869552589497,0.344385809002095
"Eif1",0.52175572519084,524,0.109383459507261,-0.261070478208751,0.469929837095705,0.612816993702423
"Eif1a",0.545931758530184,127,0.225559700415131,-0.400339550773538,0.370890406866519,0.510126313706573
"Eif2a",0.539347079037801,485,0.287980762964025,-0.868141691793426,0.187610436454954,0.299454572685605
"Eif2ak1",0.421511627906977,258,-0.466085104869236,-3.55732173119705,0.00764568084522943,0.0201562489525451
"Eif2ak3",0.40356529209622,388,-0.498805856971441,-7.80942142225467,7.74786594628532e-05,0.000323808693844751
"Eif2ak4",0.490825688073394,436,-0.0408062163878853,-0.231353506281437,0.496361557358089,0.637762686507705
"Eif2b3",0.492447129909366,331,-0.0465425859370301,-0.126177726465301,0.615421392397003,0.750628454619059
"Eif2b4",0.553571428571429,308,0.300754071782952,-1.34087292310028,0.101504392774472,0.181776276494733
"Eif2d",0.437246963562753,247,-0.427421223734677,-2.23769491672272,0.0343863571845164,0.074500074055027
"Eif2s1",0.403954802259887,177,-0.578536231561723,-3.70577812093245,0.00648062411347054,0.0173922227307534
"Eif2s2",0.513761467889908,109,0.096215315259303,-0.0055462126782686,0.916121430356842,1
"Eif3a",0.526040172166428,697,0.126757142285939,-0.501449596224802,0.316610003614033,0.45003946299394
"Eif3c",0.455432489451477,316,-0.263034405833793,-1.47904633159158,0.0854486833191173,0.158128360197936
"Eif3h",0.527842003853565,865,0.103950964038908,-0.597050182330577,0.274504021774058,0.403431354094039
"Eif3j1",0.4994994994995,666,0.0473057147783567,0.0461774606147856,1,1
"Eif3m",0.537128712871287,202,0.273018494406416,-0.339245352616558,0.410106929271038,0.550490234705994
"Eif4a1",0.499451754385965,304,-0.0443941193584534,0.0121712906985749,1,1
"Eif4a2",0.545262072603462,993,0.243271151012364,-2.15116949815729,0.0380599937952222,0.0811237466984856
"Eif4b",0.514846743295019,348,0.154328146391293,0.0348104180278028,1,1
"Eif4e",0.525367833587012,657,0.145699664341963,-0.417740671908518,0.360692314904559,0.498654339369598
"Eif4e2",0.528169014084507,213,0.150678912497668,-0.187937670553737,0.539818992642779,0.679277292579365
"Eif4e3",0.474969474969475,273,-0.178803152788766,-0.532741839977206,0.301967808414599,0.434401433343759
"Eif4ebp1",0.462064676616915,268,-0.294285339818233,-0.86089709518734,0.189462257012221,0.301629665338242
"Eif4ebp2",0.560240963855422,166,0.364572432295856,-0.935319523460038,0.171401906621932,0.278694920112692
"Eif4enif1",0.595073133179369,433,0.575312330687438,-6.3101138179137,0.000381594859891399,0.00140343271210469
"Eif4g1",0.50754775107825,1082,0.0504784450277938,-0.00560220092211239,0.915700693166099,1
"Eif4g2",0.532106956172095,829,0.139592116283935,-0.837953685160528,0.195469155509877,0.309139720024103
"Eif4g3",0.368802824159967,1848,-0.814610738060403,-55.745560195297,4.61869326207004e-26,8.4240948845147e-25
"Eif4h",0.597345132743363,452,0.587329515265072,-7.17175798773121,0.000152303318572881,0.000604887499562828
"Eif5",0.504506033182504,884,0.0685870852574126,0.16074605886115,1,1
"Elavl1",0.531400966183575,828,0.151377059570662,-0.849899272513198,0.192314325134246,0.30532107937814
"Elf1",0.480988580643038,1447,-0.13402834475154,-1.28199568827858,0.109322262688552,0.193760503608545
"Elf2",0.514519167758847,1744,0.125622793977681,0.203585162182662,1,1
"Elk3",0.480246913580247,135,-0.19793937761191,-0.0904517403278504,0.67059795055559,0.798767248292657
"Elk4",0.597127739984883,441,0.580047010307039,-7.08931519244777,0.000166247917200146,0.000656385894263165
"Ell",0.436586257309941,456,-0.362570079384708,-4.17863733265688,0.00384146281786057,0.0111000344085899
"Ell2",0.455196064089753,1700,-0.112216528802978,-8.64677588382983,3.20271830818895e-05,0.000142456231176701
"Elmo1",0.451236286618595,667,-0.433331283819186,-2.38986233721971,0.0287967244806874,0.0637814777118205
"Elmod3",0.677083333333333,184,1.08746284125034,-10.716462731938,3.66424491211957e-06,1.88752201459298e-05
"Eln",0.552064220183486,109,0.0931094043914813,-0.183962995402908,0.544136956908484,0.683429501266794
"Eloc",0.519144144144144,296,0.110053545464914,-0.0781910460051449,0.692509518625413,0.817611941779028
"Elovl5",0.285628019323671,276,-1.36975661997798,-26.8812916548193,2.26240553861576e-13,2.26984543724798e-12
"Elp1",0.559366754617414,379,0.381090167355507,-2.05912069006467,0.0424231565776062,0.0886501329230675
"Elp2",0.522184300341297,293,0.123058396404338,-0.142516066235856,0.59342178795313,0.730417173443955
"Elp3",0.534369114877589,354,0.17597767156457,-0.506570536781908,0.314151509236375,0.447207832448473
"Elp4",0.452317655078391,1467,-0.23703919730085,-7.90162873282407,7.02814041441151e-05,0.000295199489746746
"Emc1",0.551994301994302,234,0.290677160902923,-0.928643978253319,0.172938135543367,0.280716025578496
"Emc2",0.537668798862829,469,0.246982000548427,-0.826313664458212,0.198601714501541,0.312987721938095
"Emc3",0.506591337099812,177,0.0911478880581953,0.0374880527781158,1,1
"Emc7",0.580275229357798,218,0.493814612662961,-2.37506651890371,0.0292960293875815,0.0647038332508875
"Emc9",0.447335811648079,269,-0.31734082539171,-1.80043040048818,0.0577496614216681,0.114307203616112
"Emcn",0.403038847117794,152,-0.598259323334615,-3.2392176886716,0.0109191059477225,0.0277820466721431
"Eml1",0.542576791808874,1172,0.259292004147977,-1.9659100130873,0.0473806398829091,0.0971346532969107
"Eml2",0.422872340425532,188,-0.435386144670646,-2.59039871843891,0.0228378401532257,0.0522987318691405
"Eml4",0.413160355306218,713,-0.499571009490512,-11.7662778326849,1.22817904872027e-06,6.81284113637228e-06
"Eml5",0.551959205582394,621,0.247282060428171,-2.40103007934499,0.0284257264081328,0.0631766475666846
"Eml6",0.738603988603989,351,1.59367971782226,-38.0959169968489,2.57403966321407e-18,3.42117905336491e-17
"Emp2",0.454385964912281,190,-0.31882218401954,-0.908490049516701,0.177673164721501,0.287221166091213
"Emsy",0.533690676945314,1186,0.19165929379684,-1.23943703338091,0.115384826809375,0.201840749946449
"Enah",0.586677245796139,2996,0.293838852137674,-34.9756120414336,6.07891702501929e-17,7.59808027410232e-16
"Eno1",0.608225108225108,231,0.64045761331286,-4.47753845844136,0.00276699536801494,0.00828740424369312
"Eno3",0.595709570957096,303,0.537894247064377,-4.75059873891135,0.00205337845624429,0.00636594743570978
"Enox1",0.309401709401709,195,-1.18359993833939,-14.9312789956528,4.63783148561652e-08,2.97601576782582e-07
"Enpp1",0.352490421455939,174,-0.910732661902912,-7.98331711243696,6.44687739555922e-05,0.00027317828964011
"Enpp2",0.117283950617284,81,-2.91560781270963,-32.1414444558322,1.07777712333818e-15,1.26690718946512e-14
"Ensa",0.518633540372671,161,0.0500406824995956,-0.0166616112592237,0.855153870230422,0.952662701574538
"Entpd1",0.578776041666667,128,0.485426827170242,-1.20825027545368,0.120062873710807,0.208448527766926
"Entpd4",0.688875305623472,409,1.21030694717888,-27.1229019316551,1.76914533095879e-13,1.79373164069417e-12
"Entpd5",0.638686131386861,274,0.830074998557687,-9.58064779748995,1.20124526469043e-05,5.69403828856086e-05
"Entpd6",0.413844325609032,561,-0.542930413298638,-9.29719321762332,1.61695990112655e-05,7.52637646072219e-05
"Entrep1",0.364497041420118,845,-0.772146265993386,-32.0077131076689,1.23448799593644e-15,1.44353369838421e-14
"Eny2",0.518604651162791,215,0.0624640869466537,-0.0382871735317849,0.781994574279901,0.891279942701086
"Eogt",0.4275,200,-0.524266569033602,-2.35170961500984,0.0301026731811888,0.0662456204564391
"Ep400",0.507067137809187,566,0.0416859028069236,-0.00196091930297371,0.95006545209718,1
"Epas1",0.485670194003527,756,-0.104857313819109,-0.708995325584738,0.233734415329647,0.355984886701291
"Epb41",0.481957229988256,2095,-0.0926857676123725,-2.08766161902395,0.0410167378797953,0.0863564443692555
"Epb41l2",0.575848303393214,167,0.479992941119614,-1.47516608776877,0.0858599084925325,0.158714322721531
"Epb41l3",0.266666666666667,210,-1.64873841115447,-24.0705692948194,3.96617320804923e-12,3.60717541631794e-11
"Epb41l4a",0.596739130434783,230,0.483601785761915,-3.56745565083438,0.00755973822173941,0.0199688952948898
"Epb41l4b",0.475728155339806,103,-0.189477798863712,-0.16520586114278,0.565416751598837,0.703965356470302
"Epb41l5",0.463659147869674,266,-0.254101281063786,-0.959081668287922,0.166059274444834,0.270926069536638
"Epc1",0.465665030632136,2280,-0.162546772472101,-6.1807509637074,0.000438277967827749,0.00158157081723648
"Epc2",0.477449455676516,1286,-0.139142019145689,-1.86075587303321,0.0537157166478939,0.107791681057279
"Epdr1",0.668689320388349,206,1,-10.635865531425,3.98566095741906e-06,2.03126471876968e-05
"Epg5",0.534259259259259,360,0.203328159709526,-0.546221426223497,0.295930584917962,0.427894460570737
"Epha4",0.632080273294331,939,0.717440458161932,-26.5045427366626,3.32009108998915e-13,3.29164717813991e-12
"Epha7",0.456138613861386,505,-0.2314946284437,-2.75025187026881,0.0190109964399829,0.0448354912526933
"Ephb1",0.0322089947089947,756,-4.49330962854919,-547.420406751335,4.36723806759996e-240,9.45577480959063e-238
"Ephx2",0.761438848920863,695,1.61608501821694,-88.7268696862481,1.74338687600752e-40,4.82974582327927e-39
"Epm2a",0.317938790560472,904,-1.15976513522209,-59.8772867578133,7.15920834567393e-28,1.40504697123285e-26
"Epm2aip1",0.469791666666667,560,-0.135776779030467,-1.48073795879429,0.0852700733055425,0.1578848915936
"Epn1",0.580387205387205,396,0.53051471669878,-3.84849495990045,0.00553129930771861,0.0152593838690536
"Eprs1",0.441599893162393,1248,-0.263660439708182,-9.14716275321371,1.89270115173591e-05,8.76124836582858e-05
"Eps15",0.451164874551971,372,-0.24392558288609,-2.1568378618328,0.0378071870935068,0.0806617418218747
"Eps15l1",0.486895986895987,407,-0.0906025487809066,-0.30749341218791,0.432916337195517,0.574710137511138
"Eps8",0.496632996632997,198,0.0501857571682169,0.0198015603275508,1,1
"Eral1",0.496149614961496,303,-0.0351894284622993,-0.0511784762551315,0.749019324939144,0.865453212083239
"Erbb3",0.544910179640719,167,0.207595419408367,-0.461508655758593,0.33668397001268,0.471779291591881
"Erbin",0.477700693756194,1009,-0.122373998896676,-1.5256577913442,0.0806717712371961,0.151079500151803
"Erc1",0.536076036745994,2127,0.179903490892662,-2.78104080474577,0.0183535785828215,0.0435297595222253
"Erc2",0.612612612612613,185,0.605282485100751,-4.06001479335089,0.00437788443853373,0.0124668478368428
"Ercc6",0.583908045977012,435,0.537028023657454,-4.97171794757639,0.00161423968392129,0.00511993015524855
"Ercc6l2",0.470223325062035,403,-0.159780444036769,-1.02698719448205,0.151809446172994,0.252026960849156
"Ercc8",0.513953488372093,215,0.0121747139461021,0.0347654330024625,1,1
"Ergic1",0.501366120218579,366,0.0145728010872723,-0.00982025729103952,0.888545726590566,0.981424205834233
"Ergic2",0.524017467248908,229,0.119298928372345,-0.132480930317541,0.606731599714784,0.742593453188482
"Eri3",0.501696252465483,845,-0.0144704828083331,-0.00740172297378194,0.903160838482319,0.995568327786718
"Erlec1",0.587456324248777,954,0.522421034652443,-11.0738237544206,2.524651457292e-06,1.33744755969565e-05
"Erlin1",0.518421052631579,190,0.0683869749802506,-0.0380040662232659,0.782781779854876,0.891874266913245
"Ermp1",0.504716981132076,106,0.14684138832927,0.0940348116117917,1,1
"Ern1",0.456541825976133,822,-0.277895326824697,-3.47440264024794,0.00838752293915294,0.0218629335796484
"Ero1a",0.394755747126437,464,-0.609359155028623,-11.1690707457408,2.28620415683621e-06,1.21882464659926e-05
"Erp29",0.533138401559454,342,0.249228606308763,-0.395433742029184,0.37383794622551,0.512509403083255
"Erp44",0.454166666666667,680,-0.27714714215995,-3.34688966509032,0.0096749887904897,0.0248616097862813
"Errfi1",0.702906976744186,344,1.49860221591797,-24.8653338405486,1.76367467815616e-12,1.65332184913187e-11
"Esco1",0.50201072386059,746,-0.00325297779508782,-0.00684912168503615,0.906828756120957,0.998627499767656
"Esd",0.519736842105263,228,0.195724470874368,0.0198380040502002,1,1
"Esf1",0.465913757700205,487,-0.206090609007347,-1.52125958525789,0.0811099550087063,0.151773074440601
"Esrra",0.546120689655172,580,0.316027493447678,-1.41443042569051,0.0925840099766357,0.168361927651904
"Esrrb",0.47068972201077,2252,-0.202030805742491,-3.75103680592792,0.00616279949849154,0.0166524598365037
"Esrrg",0.508332348404671,4118,0.0801337056561707,4.84900310766534e-05,1,1
"Esyt1",0.525438596491228,190,0.196397212803504,-0.121084238927864,0.622644294096044,0.757236546833239
"Esyt2",0.61153000314169,1061,0.686667928801023,-21.1062607899305,8.18741126102308e-11,6.77606712502921e-10
"Etf1",0.465524534686971,788,-0.234465253637023,-2.35948405513648,0.0298316398488992,0.0656922462814343
"Etfa",0.514881975306575,2626,0.0384439920912376,-0.0335405054311195,0.795635224313215,0.902688239619726
"Etfb",0.507142857142857,280,0.0293439615821445,0.00175181887345843,1,1
"Etfbkmt",0.538359788359788,252,0.242701403736787,-0.532299000564507,0.302168825298454,0.434573738749
"Etfdh",0.462559133987705,1911,-0.179189426556859,-6.4428436903022,0.000331104512847775,0.00123533823804017
"Etfrf1",0.407077255537547,617,-0.559427408614019,-11.4143629106467,1.77098807276245e-06,9.57846248540013e-06
"Ethe1",0.232142857142857,196,-1.92283213947754,-30.0592878748936,8.93114636791335e-15,9.92481033467457e-14
"Etl4",0.540042861852951,1011,0.202352309253806,-2.16675485970813,0.0373691160460977,0.0798286145453239
"Etnk1",0.530217717717718,444,0.200298650485831,-0.451689313656345,0.341877389550218,0.47775994975246
"Etohd2",0.443202979515829,179,-0.362570079384708,-1.34679745328694,0.100752272768844,0.180670386007074
"Ets2",0.437274220032841,464,-0.303010881544732,-4.23280135172638,0.00361925309424662,0.010529877229555
"Etv3",0.470588235294118,187,-0.100526875953964,-0.421012774604378,0.358818104634014,0.496472298145435
"Etv5",0.594142259414226,239,0.659412449881037,-3.24016881202212,0.0109074263177758,0.0277628537902584
"Etv6",0.522163755784445,1276,0.182443041288741,-0.0870037850290828,0.676574439008444,0.804031096781989
"Eva1c",0.375368731563422,226,-0.889576010306349,-7.13723703272342,0.000157992953510677,0.000625264566016311
"Evi5",0.529425465838509,1288,0.18463749934103,-0.990037208027616,0.159382567417475,0.262392885088569
"Evl",0.344025157232704,265,-0.920031695296585,-14.084603507994,1.11159061272839e-07,6.90193912361973e-07
"Ewsr1",0.472825750541628,1077,-0.148425422570331,-2.17273368340489,0.0371075811649415,0.0794215831565967
"Exd1",0.639240506329114,79,0.830074998557688,-2.79328409833981,0.0180987214100085,0.0430165078271875
"Exd2",0.458082832331329,499,-0.288996199697749,-2.08598640228416,0.0410979193826012,0.0865002304471682
"Exoc1",0.478090766823161,213,-0.0510741845942695,-0.256022631363919,0.474254815385255,0.616301707815263
"Exoc2",0.573435504469987,261,0.432524926007685,-2.12808935610633,0.0391077994313079,0.0831195534461489
"Exoc3",0.59031202435312,1095,0.483664218470982,-13.5871440001865,1.85914819741939e-07,1.11815436389596e-06
"Exoc6",0.477871662992897,1361,-0.13312508323936,-1.84971003173723,0.0544313837980492,0.108862767596098
"Exoc7",0.475746268656716,268,-0.0880561766651962,-0.454265675612533,0.340504394958826,0.476341910857327
"Exosc10",0.547377326565144,394,0.273501404884863,-1.19499448634167,0.122114490071256,0.211136645378225
"Exosc7",0.536842105263158,190,0.185031893832521,-0.342076098687556,0.408160586270216,0.549012796602343
"Ext1",0.592740867572658,2649,0.707900805082131,-19.6040671690694,3.80949811890183e-10,3.0152536997723e-09
"Ext2",0.480988593155894,526,-0.0924809160169637,-0.656840313899636,0.251729337413717,0.377491425555429
"Extl3",0.575443786982249,338,0.451106753986366,-3.11095018985077,0.0126179606381326,0.0314956310164173
"Eya1",0.486486486486486,111,-0.0443941193584534,-0.107401487355318,0.643028647178366,0.775702422692522
"Eya3",0.524842767295598,1219,0.143135391829265,-0.62027474182787,0.265365181202952,0.392752171165207
"Ezh1",0.409536541889483,374,-0.54382380592767,-6.92407477767694,0.000198191805571649,0.000777269457342044
"Ezh2",0.463235294117647,204,-0.248679112856724,-0.730616232815549,0.226734124364527,0.347275671084918
"Ezr",0.606481481481482,108,0.584962500721156,-2.07567022122349,0.0416015786468462,0.0872593112117599
"F13a1",0.495812881344377,254,-0.10383581098454,0.116058438055063,1,1
"F3",0.429862792574657,295,-0.454031630894707,-3.28152949782944,0.0104117236244805,0.0266121435519853
"Fabp3",0.572925372636355,1903,0.476748294270173,-11.1928653764739,2.23024865158994e-06,1.1908853579532e-05
"Fabp4",0.455177464404932,233,-0.20163386116965,-1.12548402672684,0.133530845112208,0.227073481731224
"Faf1",0.526263069921794,2602,0.131081811076311,-1.30842320330066,0.105734389194465,0.188188536922635
"Faf2",0.496415525114155,730,0.0132358271566941,-0.101069397121478,0.652999983475369,0.783294922047654
"Fah",0.192446043165468,139,-2.16992500144231,-28.4195623502786,4.72962349013097e-14,4.96800743818599e-13
"Fam110b",0.480634535367545,618,0.0647056893878153,0.370614089792412,1,1
"Fam114a2",0.485845718329795,471,-0.0847226789054272,-0.37571640384067,0.386022974207737,0.525341890284333
"Fam117b",0.500240384615385,416,0.00587656633666889,-0.0335444022678075,0.795623615908226,0.902688239619726
"Fam118b",0.579545454545455,132,0.468148835738406,-1.35826864842061,0.0993132513263422,0.178375847712713
"Fam120a",0.430886319845857,865,-0.408596885721014,-9.31253751356621,1.59113907964228e-05,7.41647604344372e-05
"Fam120b",0.474691358024691,675,-0.197537232650172,-1.14154483678578,0.130791091991373,0.223652374470623
"Fam133b",0.445402298850575,406,-0.376267929114269,-2.76552184206895,0.0186819583328065,0.0442304424443728
"Fam135a",0.486629868138608,1087,-0.0549083411023896,-0.796210900092319,0.206980467125398,0.323458182851146
"Fam13a",0.542500709167376,1755,0.323336878606229,-0.689482619428873,0.240277483435502,0.364120893448704
"Fam13b",0.467422385620915,816,-0.161939904426317,-2.40482929942368,0.0283006514739303,0.0630029760175854
"Fam13c",0.629032258064516,124,0.681470481574502,-3.68259227032344,0.00664987751880686,0.0178037406885647
"Fam149b",0.444840703756538,701,-0.319567535253731,-5.04674243586658,0.00148794449533956,0.00476482989156447
"Fam151b",0.347687400318979,209,-0.954196310386875,-10.3133151340015,5.58143231875058e-06,2.76272667577094e-05
"Fam161b",0.511029411764706,272,0.104108403340739,0.015610914213994,1,1
"Fam162a",0.528397790055249,905,0.137269718540625,-0.749861286855094,0.220714053417735,0.340931635749615
"Fam168a",0.52186342891587,1106,0.160247087539958,-0.437511429753386,0.349568511587024,0.48668405927652
"Fam168b",0.530673181324647,614,0.23690467400914,-0.398912810360116,0.371744269321279,0.510935168685043
"Fam174a",0.553830227743271,161,0.512648295905266,-0.260741814663078,0.470209493246658,0.613009289888338
"Fam185a",0.467552334943639,414,-0.161463422694116,-1.21672265372609,0.11877159852958,0.206420240634526
"Fam193a",0.505922077922078,1925,0.0303530342551626,-0.0133942537918301,0.869989399503159,0.966143092234481
"Fam193b",0.450304540420819,602,-0.266123689757034,-3.78158254318259,0.00595732760974808,0.0161950518090843
"Fam204a",0.418947688564477,548,-0.457989644463391,-8.10670194750912,5.65922753956643e-05,0.000242404181528844
"Fam20a",0.193690783807063,387,-2.26520550487542,-77.1109871247168,2.07118526459812e-35,5.18723712536664e-34
"Fam20b",0.62253193960511,287,0.758445321576658,-7.50080752141531,0.000107419205320701,0.000438030198124268
"Fam210a",0.471781609195402,1160,-0.171286676900538,-2.3975674906012,0.0285402201956737,0.0633891323472408
"Fam222a",0.582385466034755,211,0.432959407276106,-2.19426531479638,0.036181482583101,0.0777223922249519
"Fam222b",0.53861400462963,1152,0.255146121367288,-1.96836946729422,0.0472422741810527,0.0969101908017193
"Fam227b",0.166666666666667,84,-2.32192809488736,-21.1098998775663,8.15699746368787e-11,6.7592304908979e-10
"Fam228b",0.319004524886878,221,-1.07125868316982,-15.7670080707715,1.95976904277907e-08,1.31277143863604e-07
"Fam234a",0.584291443850267,748,0.554356876057539,-7.44133228434714,0.000114409554143352,0.000464840755090906
"Fam241a",0.300995024875622,67,-1.08406426478848,-5.7305915998156,0.000710650385299855,0.00244233762730805
"Fam53a",0.515,400,0.130396637255675,0.00410966004022839,1,1
"Fam53b",0.540963855421687,415,0.162814612279123,-0.782500509722354,0.210934474604588,0.328566301588766
"Fam76a",0.463934929404543,543,-0.245873854675611,-1.6533773644062,0.06899562044257,0.132921528246421
"Fam78b",0.492798353909465,405,0,-0.0965597546840513,0.660332860585439,0.7894823940594
"Fam91a1",0.418118466898955,287,-0.482276836746593,-4.34250631801018,0.00320837354404232,0.00944500141561932
"Fam98a",0.472826086956522,184,-0.192645077942395,-0.394321886780858,0.37451053385874,0.513212475144929
"Fan1",0.476351351351351,296,-0.208946890271497,-0.418386708233072,0.360321208814963,0.498243912971989
"Fancc",0.129707112970711,478,-2.73395684429387,-173.494944278151,1.91708778501528e-77,1.09046552652734e-75
"Fance",0.603365384615385,208,0.65950945408621,-3.839765544817,0.00558506786855119,0.0153824273835517
"Fancl",0.368716931216931,504,-0.761021619509769,-18.2991755113445,1.45154455990446e-09,1.0971584556395e-08
"Fancm",0.396367521367521,156,-0.563900885193327,-3.59582520132622,0.00732435834293659,0.0194082484002331
"Far1",0.5,294,-0.0435892685476826,0.0106211618208931,1,1
"Farp1",0.482556332556333,429,-0.0430687218918857,-0.398413260338145,0.372043884590395,0.511084435810628
"Farp2",0.494912494912495,819,-0.0371039946627394,-0.14989964687004,0.584008272918656,0.721890152454884
"Fars2",0.516009314055984,1907,0.0342523092082467,0.0251324144701357,1,1
"Farsa",0.43859649122807,228,-0.347923303420306,-2.05071959443478,0.0428467265497656,0.0893128039136728
"Farsb",0.561507936507937,588,0.425305834732671,-3.29831189394088,0.0102172328923271,0.0261648482156809
"Fastk",0.634831460674157,178,0.79836613883035,-5.81161099105475,0.000651334737960517,0.00226281509378416
"Fastkd1",0.41334388185654,632,-0.478165477844308,-10.2379347361926,6.03877919097706e-06,2.97376357876887e-05
"Fastkd2",0.5625,200,0.34348423825381,-1.24217737023602,0.114983496968153,0.201296095892083
"Fastkd5",0.511845730027548,242,0.0650950282218847,-0.0166978094332251,0.854998354747295,0.952662701574538
"Fat1",0.472964669738863,434,-0.165737204478878,-0.915873394094149,0.175921362846528,0.28493826916648
"Fbf1",0.370646766169154,201,-0.815160324546405,-7.17114187998442,0.000152403032798805,0.00060492558021619
"Fbh1",0.490801757276222,607,-0.0246620542342697,-0.259881058459428,0.470943173775494,0.613542426704409
"Fblim1",0.675414958016012,1707,1.0105951152392,-82.3217069737129,1.09447517300681e-37,2.88083033773401e-36
"Fbrsl1",0.540863177226814,363,0.264340603334419,-0.741749463904512,0.223227884003167,0.343569263340807
"Fbxl12",0.508823529411765,340,0.0541557700469051,-0.00354082367874753,0.932935164298791,1
"Fbxl17",0.510804070605207,3256,0.11153060121217,0.649843415036685,1,1
"Fbxl2",0.376666666666667,350,-0.775065384101099,-11.3807721356317,1.83399098802545e-06,9.88734739889702e-06
"Fbxl20",0.521361844100698,1570,0.139843662204451,-0.382136519288451,0.381994585470001,0.521021673983874
"Fbxl3",0.492307692307692,975,-0.0664273617389757,-0.340578182032232,0.409188818540168,0.549955016027555
"Fbxl4",0.321606786427146,334,-1.06572418222284,-23.1801604728844,9.83878838317983e-12,8.79333523673809e-11
"Fbxl5",0.454248366013072,459,-0.252766070379966,-2.3109395229269,0.0315666396194635,0.0691498972342818
"Fbxl7",0.48729035639413,318,-0.311708252569484,1.07842031810594,1,1
"Fbxl9",0.446428571428571,224,-0.267480310864985,-1.55855298592431,0.077474267286874,0.146110503520511
"Fbxo10",0.671641791044776,201,1.05889368905357,-11.0965807620558,2.46550394128361e-06,1.30817885011032e-05
"Fbxo11",0.498807397959184,1120,-0.0362841173247763,-0.0509437420143968,0.749576229963158,0.865798598436193
"Fbxo22",0.491902834008097,247,-0.0321804057491493,-0.0993347255902108,0.655796976928476,0.785788827520486
"Fbxo28",0.548827667057444,853,0.33151414371656,-2.28235660162363,0.0326371384453887,0.0712391782912029
"Fbxo3",0.473324194005862,1511,-0.25118468795605,-1.43613386368679,0.0901178079123419,0.165039761721047
"Fbxo30",0.41211498973306,487,-0.493988840673666,-8.04338459184083,6.05052860725345e-05,0.000257684949313992
"Fbxo31",0.521929824561403,494,0.0207585601667972,0.0912834913769984,1,1
"Fbxo32",0.51100250834263,2467,0.0322374780695294,0.0308272764541471,1,1
"Fbxo33",0.476537216828479,206,-0.0859732231098524,-0.347399263891361,0.404537003435756,0.545340905214058
"Fbxo34",0.509621077560687,563,0.121306296222133,0.241880905709991,1,1
"Fbxo38",0.478181818181818,550,-0.144157009981875,-0.828790405357267,0.197930274720518,0.312296192741917
"Fbxo4",0.40625,320,-0.499571009490512,-6.30826987513495,0.00038234845575339,0.00140543419223262
"Fbxo40",0.451012769704976,757,-0.322616567838099,-3.79159597406522,0.00589150252346302,0.0160616429478001
"Fbxo42",0.403815854258986,677,-0.602137644529289,-13.0912068800998,3.10638697428378e-07,1.83216778307493e-06
"Fbxo7",0.557971014492754,184,0.37723546656646,-0.868652470213107,0.18748067121303,0.299376267350926
"Fbxo8",0.481481481481481,648,-0.0769619818148839,-0.716261872412474,0.231353003230212,0.353159280800815
"Fbxo9",0.574744661095636,718,0.449030540351996,-5.99554926176847,0.000534552699263021,0.00189236166532352
"Fbxw11",0.531497175141243,1180,0.23096592423833,-0.603779648436785,0.271816036146936,0.400094130398735
"Fbxw2",0.435141509433962,424,-0.41325087980483,-4.15935698797716,0.00392386908205713,0.0113180100037677
"Fbxw4",0.476988304093567,1140,-0.172869509181073,-1.55151319554466,0.0781468945012424,0.147172265963058
"Fbxw5",0.515432098765432,270,0.0801703486839838,-0.0374752346425851,0.784260739049054,0.892871534504232
"Fbxw7",0.492124588049864,1994,-0.0844620758732963,-0.525658067288077,0.305204163889835,0.437533179843779
"Fbxw8",0.501594896331738,627,0.036423408249874,0.00014247834701564,1,1
"Fcf1",0.510917030567686,229,-0.0114047632722496,0.0660417379302771,1,1
"Fcho2",0.527654240244168,1529,0.179456306185856,-0.736850143062838,0.224762778192827,0.345061245935557
"Fchsd2",0.513879736408567,1214,0.127067462313138,0.299061309526451,1,1
"Fdx1",0.558774580873354,677,0.477193975341413,-0.549548426509887,0.294464392761252,0.426693653759397
"Fech",0.572427293064877,596,0.417480675207173,-4.75843621494653,0.0020359126457652,0.00632165884424754
"Fem1a",0.343614718614719,462,-0.906890595608519,-23.6766267056676,5.92796476717894e-12,5.35511433611104e-11
"Fem1b",0.662698412698413,252,0.907881798011569,-12.0282905620145,9.35459914864306e-07,5.26745549376613e-06
"Fem1c",0.515991471215352,469,0.0532420212769793,-0.0431514163199722,0.768931033646117,0.881391652890235
"Fer",0.478145424836601,816,-0.142209623230489,-1.18952248192727,0.122972705451719,0.212183238815408
"Fermt2",0.503365172636006,864,0.0173559391337692,-0.0411557165575687,0.774189126534714,0.885541482157634
"Fez2",0.500497512437811,335,-0.00769439179000031,-0.0108982336711279,0.882629831770458,0.975821352469661
"Fgd4",0.441567878909651,1896,-0.35611085354766,-12.1100280648507,8.59327403353758e-07,4.85505516103571e-06
"Fgd6",0.396292585170341,499,-0.57451571328604,-11.239641190718,2.12422348461851e-06,1.13607872739119e-05
"Fgf1",0.575085403744543,2959,0.41708662064724,-37.3197645076034,5.65005109110517e-18,7.42135869344382e-17
"Fgf14",0.524051155115512,404,0.0855180711860575,-0.201962008765008,0.525069657297154,0.665584049061095
"Fgf2",0.658682634730539,167,1.04730571477836,-7.68821686482056,8.80799876017256e-05,0.000364933874557273
"Fgf7",0.304347826086957,69,-1.58496250072116,-5.25634986535849,0.001185569185662,0.00386851744004051
"Fgfr1",0.351851851851852,342,-0.863019097172603,-16.0396228984213,1.48010075817727e-08,1.00064984161181e-07
"Fgfr1op2",0.507796523517382,652,0.0353330731122807,0.000507073244307321,1,1
"Fggy",0.395101351351351,592,-0.544728575918481,-13.8628503491835,1.39793111365938e-07,8.54545868386319e-07
"Fgl2",0.686309523809524,80,1.48874718546185,-4.64917599645598,0.00229360090258631,0.00701999489743972
"Fh1",0.601984941820671,487,0.657607802552922,-8.30300547260072,4.60049844236226e-05,0.000199731859929725
"Fhip1a",0.473726084152239,3074,-0.127338161099443,-6.45669855950109,0.000326238655108049,0.00122193853408774
"Fhip2b",0.582352941176471,170,0.461133913868299,-1.84741146447732,0.0545815754701962,0.1090981341739
"Fhl2",0.578695098855123,5542,0.505187609807941,-264.318791471524,5.58921425786769e-117,5.00197414650773e-115
"Fhod3",0.624512473334472,4887,0.732907605889666,-600.549027980096,3.52095953297958e-263,8.75284458716998e-261
"Fig4",0.547830374753452,338,0.295775807031394,-1.09009102901223,0.139797923847382,0.236532307754885
"Fign",0.523523498825744,1737,0.155196664291757,-0.346619406012451,0.405064920646533,0.545723754993883
"Filip1",0.456891776537055,4099,-0.280857263048451,-57.5533032264429,7.45784905517094e-27,1.42612771676089e-25
"Filip1l",0.504083147735709,449,0.0456226171257965,0.0120244625903183,1,1
"Fip1l1",0.507605877268799,1157,0.0373216262057343,-0.00100312857603058,0.964273690013519,1
"Fitm2",0.419757890185906,771,-0.436424926696245,-10.9945523020225,2.74202637316889e-06,1.4423574464506e-05
"Fiz1",0.5,226,-0.0458036896131251,0.0106449056789586,1,1
"Fkbp14",0.547197640117994,113,0.31685710533994,-0.362878934951553,0.394261693464463,0.534279121044513
"Fkbp15",0.440803667745415,618,-0.327431070564749,-5.11136490420699,0.00138720381874697,0.0044742489338922
"Fkbp1a",0.509090909090909,165,-0.0324214776923775,0.0687061415356709,1,1
"Fkbp3",0.645290581162325,499,0.895942184700043,-18.7078918209259,9.54465658279759e-10,7.31321175613441e-09
"Fkbp5",0.507865168539326,445,0.101753498800734,0.119844658264014,1,1
"Fkbp9",0.515695067264574,223,0.143194635827791,0.00210486513321939,1,1
"Fkrp",0.296734234234234,296,-1.33140914789825,-26.0468881535232,5.29123682594514e-13,5.13219386932713e-12
"Fktn",0.579054343175011,779,0.487523006312551,-7.21188911616639,0.000145947796116755,0.000580676708675552
"Flad1",0.347846441947566,356,-0.882816460629661,-17.3809283331958,3.72602532054336e-09,2.69785134320248e-08
"Flcn",0.61266149870801,645,0.685064492254176,-13.7512450071753,1.56892382356435e-07,9.52996986765964e-07
"Fli1",0.514756944444444,192,0.0733731863302189,-0.0136585225586714,0.868724631651246,0.965057882761199
"Flnb",0.473684210526316,247,-0.0830557397275582,-0.453259028021733,0.341039971975954,0.476887560813042
"Flnc",0.585797647539975,1443,0.684519060042581,-2.23175464432529,0.0346262911772262,0.0749473287267147
"Flot2",0.556521739130435,230,0.349746039027124,-1.1134701360028,0.135622186472135,0.230221577036159
"Flrt2",0.408450704225352,142,-0.510194732319184,-2.69715458126448,0.0202025213939818,0.0471321945069191
"Flt1",0.53403411009794,282,0.149377624038227,-0.397780925792404,0.372423624426151,0.511501405186888
"Flvcr1",0.306892230576441,665,-1.27792091264827,-51.4853041775145,3.40157515481991e-24,5.83922568776246e-23
"Flvcr2",0.642857142857143,77,0.770518153877234,-2.85558409152843,0.0168573180985139,0.0405978898734213
"Fmn1",0.019124832895404,2066,-5.23632622716482,-2083.29675183445,0,0
"Fmnl2",0.574006683145656,1324,0.488949893733939,-10.0069872440981,7.68782747842728e-06,3.74732738091531e-05
"Fmo5",0.467965949820789,372,-0.198328716445979,-1.08541325329986,0.140650622826941,0.237496095701742
"Fnbp1",0.636159365558912,1324,0.859052095063946,-37.0900339179079,7.13066613479348e-18,9.31148464917001e-17
"Fnbp4",0.465962441314554,284,-0.168819064216144,-0.86330839929991,0.18884354093183,0.30071597787294
"Fndc3a",0.538721804511278,665,0.287980762964025,-0.965517812835742,0.164645186770111,0.269207915615344
"Fndc3b",0.514985620116566,1871,0.108265550369212,-0.0454207676571059,0.763110031478802,0.875854058017394
"Fndc5",0.587322695035461,376,0.479352312760557,-4.8613419098096,0.00182007543519991,0.00571124185182881
"Fnip1",0.511439732142857,2560,0.0656842440932113,-0.108976293076012,0.640604392671067,0.773194872074843
"Fnip2",0.464740114295787,2449,-0.303944363806815,-4.0732242957788,0.00431455751359437,0.0123126318160057
"Fnta",0.470588235294118,289,-0.119909463735197,-0.689345833969981,0.24032412961528,0.364120893448704
"Fntb",0.392068273092369,332,-0.713216991393598,-7.98036118453871,6.46704242667385e-05,0.000273687192735403
"Focad",0.591976485541786,1049,0.518899861385391,-13.6209116857044,1.79532763721401e-07,1.08268096145377e-06
"Fos",0.476205903527718,463,-0.1011467234569,-0.746835301653846,0.221647817256151,0.341685840473882
"Fosb",0.461517615176152,123,-0.306661338234052,-0.320090545007361,0.423645229463769,0.565421908960194
"Fosl2",0.583100104030337,516,0.429753229481083,-5.34749729539658,0.00107425787579469,0.00353972452740989
"Foxj3",0.481137289121582,1146,-0.131512567657266,-1.1367315241323,0.13160553469286,0.224653191469602
"Foxk1",0.493606138107417,391,-0.0586277299707083,-0.11243785743801,0.635349718889499,0.768788049970492
"Foxk2",0.48599537037037,720,-0.0799851027873641,-0.53123998067565,0.302650244079097,0.43489369262661
"Foxn2",0.508409785932722,218,-0.035919574254943,0.0996760444297138,1,1
"Foxn3",0.559062590398579,2762,0.389031935075521,-11.1816988648693,2.25633467436944e-06,1.20385678333606e-05
"Foxo1",0.570562567132116,1064,0.399930606888636,-7.96534571664733,6.57046025737585e-05,0.000277538887649507
"Foxo3",0.572228181374939,1465,0.366312922391974,-10.8624227056271,3.14689122794249e-06,1.63990170201475e-05
"Foxo6os",0.135714285714286,245,-2.71881824745595,-85.3347021946684,5.28400881755653e-39,1.41865068733758e-37
"Foxp1",0.498905472636816,1005,-0.00446655168189114,-0.127753278198043,0.613224155236863,0.74849254954534
"Foxp2",0.57826278659612,324,0.561878887608114,-2.60362302592421,0.0224929360490383,0.0516322116146187
"Foxp4",0.526178010471204,191,0.194503024162978,-0.123132128301279,0.619717900248781,0.754634714526455
"Fpgt",0.362934362934363,259,-0.73426644456525,-10.4301069347408,4.94050665768184e-06,2.47652581675583e-05
"Fra10ac1",0.455400782013685,682,-0.279877915997208,-3.40323513943599,0.00908281323671534,0.023510930368235
"Frem2",0.787749909123955,262,2.04924351901985,-41.6789206077175,6.84666882595352e-20,9.84043707918631e-19
"Frg1",0.518046709129512,157,0.100693999619473,-0.0490699082781703,0.754073450453436,0.868899742393727
"Frk",0.526946107784431,167,0.231946728049697,-0.07192079465608,0.704491431008947,0.82727062675706
"Frmd4a",0.307970854377104,960,-1.2248556198875,-68.2044607408263,1.62394122659238e-31,3.58549128713423e-30
"Frmd4b",0.543979200875753,348,0.193569586170694,-0.879929687089088,0.184642056997276,0.296049134320438
"Frmd5",0.619459638209638,1332,0.68013437156953,-29.6745253264014,1.3204387027042e-14,1.45530124344016e-13
"Frmd6",0.520494267540553,1642,0.112386181428098,-0.471477723931457,0.331518933342426,0.466310715287036
"Frmd8os",0.284722222222222,144,-1.42786153963643,-14.2850245764356,9.03692426917031e-08,5.64765695481109e-07
"Frs2",0.576626153499887,1481,0.415439980810507,-12.1538412246891,8.21109213519305e-07,4.64695197398109e-06
"Fry",0.46656085957539,3846,-0.113003052728801,-14.7997993425251,5.31159349547602e-08,3.39860967985081e-07
"Fryl",0.497235462345091,1049,0.0254599849909538,-0.0693144012627727,0.709647991066398,0.830666188617323
"Fsd1l",0.551308969161574,2361,0.322336925487809,-5.52797304808337,0.000884032235550722,0.00296681218250822
"Fsd2",0.326055583044697,2021,-1.00651330695867,-103.237216764452,8.07374168169365e-47,2.76484460038407e-45
"Fstl4",0.568508209399213,1445,0.483022112219937,-6.78531561023942,0.000229752104773537,0.000886771781046568
"Ftl1",0.598352713178295,172,0.49532528823648,-2.72483300080867,0.0195720682172329,0.045884639145675
"Fto",0.558119528244333,2564,0.361869231646423,-9.16153737170225,1.86435278149021e-05,8.64194466116178e-05
"Fubp1",0.518253303554811,1791,0.0949278004543559,-0.252988550595546,0.47688554318323,0.618045137255424
"Furin",0.651041666666667,288,0.986579484237678,-11.4151966371977,1.76945225716723e-06,9.57846248540013e-06
"Fus",0.541314373558801,1301,0.250106661877094,-2.68859144728299,0.020401795987557,0.0475145227857329
"Fut8",0.605109961190168,773,0.669175504624241,-13.7955039334003,1.49873897143102e-07,9.12015954328648e-07
"Fxn",0.520491803278688,244,0.118055761521712,-0.093808381313579,0.664907611616695,0.79422187731023
"Fxr1",0.495975660351265,2066,0.0178885743934232,-0.24141164820594,0.487146254885776,0.628672498133691
"Fxr2",0.496589940323956,391,-0.0274807364221079,-0.0580898064943653,0.733215523880712,0.851296072701494
"Fxyd1",0.401078293483357,1422,-0.628031222613042,-26.738996151817,2.61506008936276e-13,2.60806587218467e-12
"Fyb1",0.433908045977011,58,-0.37851162325373,-0.640334733106378,0.25777459649079,0.384399709319303
"Fyco1",0.57482019481255,1962,0.479577751473554,-9.13708244328745,1.9128385837508e-05,8.84226761304088e-05
"Fyn",0.812371557747637,811,2.19924557511253,-155.996726556634,8.034683345255e-70,4.1805267142133e-68
"Fyttd1",0.468595187544232,942,-0.180417375259955,-2.54196322113671,0.024148623095921,0.0550375409914504
"Fzd6",0.582215836526181,522,0.519778331961018,-5.73809568230035,0.000704934437888997,0.00242766544233502
"G0s2",0.620732931726908,332,0.736965594166206,-8.09690833080703,5.71804550177762e-05,0.00024476735591793
"G2e3",0.472613458528951,213,-0.0986842748594068,-0.451327803485583,0.342070641965837,0.477831040348533
"G3bp1",0.546384720327422,733,0.294782764939385,-1.88986326009547,0.051877138983798,0.104715734529998
"G3bp2",0.310222222222222,375,-1.18023000983405,-28.4771310472353,4.46066510402335e-14,4.72730946465128e-13
"Gaa",0.526570048309179,207,0.180572245641821,-0.15370267811906,0.579276743919472,0.717498313747423
"Gab1",0.500808594628505,2682,-0.0199575121263218,-0.0169913267936863,0.85374371908261,0.951565566669292
"Gab2",0.534913640032284,1475,0.221787897949899,-1.39328837044332,0.0950570947212954,0.172159530428854
"Gabarapl1",0.444903581267218,363,-0.305626282558262,-2.6654892543346,0.02094962021594,0.0486721533019693
"Gabpa",0.466460268317853,646,-0.168599603975745,-1.94986718512519,0.0482937428073066,0.0987584545435497
"Gabpb1",0.521422450728363,389,0.112819830334305,-0.174498179575949,0.554681817347292,0.693558934060176
"Gabpb2",0.554221251819505,458,0.33652547110032,-1.8856138527733,0.0521413486076217,0.105065365312026
"Gabrb3",0.175,40,-2.13750352374994,-9.52019087279072,1.27981206833451e-05,6.03661180791373e-05
"Gabrr2",0.519512195121951,205,0.0515303006400822,-0.0250808188920075,0.822782250362284,0.92457968599224
"Gadd45b",0.284858387799564,153,-1.3548427173601,-15.0250122943911,4.21043193888346e-08,2.71996334685137e-07
"Gadd45g",0.603240740740741,180,0.701776165703906,-3.07205020124522,0.013185122227676,0.03272875014503
"Gak",0.459349593495935,574,-0.293991218384239,-2.17561864180755,0.0369820692984713,0.0792287421421447
"Galc",0.481329690346084,366,-0.10383581098454,-0.465504134495575,0.334601064003087,0.469252474214108
"Galk2",0.36875,120,-0.702614089375428,-4.33804068794028,0.00322413487485583,0.0094872394914653
"Galm",0.726085337538879,1087,1.44612252940841,-99.1110475396795,5.10292291541158e-45,1.63879514871974e-43
"Galnt1",0.450845633456335,1084,-0.312590230308026,-6.00451174532054,0.000529435901015638,0.00187622691004063
"Galnt11",0.549312470365102,703,0.256165903161258,-2.48966226885693,0.025651996796832,0.0578938138871339
"Galnt17",0.515452337583485,549,0.0847701034787516,-0.0977872628155865,0.658316927771603,0.787773795543412
"Galnt18",0.345130066545675,551,-0.981303906290095,-27.0532262896999,1.89916572176835e-13,1.91112448643316e-12
"Galnt2",0.485645933014354,627,-0.0559564059740154,-0.440637740905686,0.347852573113593,0.48449605120117
"Galnt7",0.744845360824742,194,1.61143471208235,-22.3348007245922,2.33250722986523e-11,2.03321928920201e-10
"Gan",0.492673992673993,182,0.0443941193584534,0.015556251733301,1,1
"Ganc",0.483060109289618,610,-0.0913151667459458,-0.66423991724821,0.249075836927306,0.374338785816407
"Gapvd1",0.533548513302034,852,0.19109629084691,-1.141377499393,0.130819312004122,0.223652374470623
"Garem1",0.569539706453611,2474,0.460335846207411,-13.0276406415537,3.31780057818568e-07,1.95171581777233e-06
"Garre1",0.476960784313726,1292,-0.134958955398726,-1.93576600388087,0.0491116731039253,0.100041745029908
"Gars1",0.431472081218274,197,-0.395301281217582,-2.19350884479019,0.0362136056206581,0.0777255868214204
"Gart",0.370242214532872,289,-0.802060622388091,-10.4125157234365,5.03209660202486e-06,2.51844893000024e-05
"Gas2",0.492455418381344,243,-0.0513468800002199,-0.0713812193866943,0.705550073111578,0.827766490250815
"Gas6",0.620641562064156,239,0.678071905112638,-6.18786086999191,0.000434952638946964,0.00157295372446768
"Gata4",0.539281705948373,297,0.192645077942396,-0.59495930870284,0.275345972733917,0.40440310043546
"Gata6os",0.501019252548131,1766,0.00730480062323302,-0.12782831070399,0.613119941276912,0.74849254954534
"Gatad1",0.449612403100775,86,-0.200298650485832,-0.516897872735655,0.309268820571441,0.442038399419828
"Gatad2a",0.54037558685446,355,0.256339753259786,-0.786205680793444,0.209857170864244,0.32726796720279
"Gatad2b",0.540101502715991,1201,0.193613004876314,-2.65117582496237,0.0212966529579208,0.0493077387559724
"Gatb",0.535315985130111,269,0.236067358233525,-0.424253985160249,0.35697476863686,0.494459336727442
"Gbe1",0.541985773951296,2287,0.157520996328296,-3.98601265689376,0.00475057570799609,0.0133413657540041
"Gbf1",0.520753704821297,1657,0.136709806176865,-0.298880064739478,0.43943391654196,0.581981145980591
"Gca",0.486936026936027,495,-0.17523880133878,0.0327534524699331,1,1
"Gcc2",0.572318007662835,348,0.48669848440629,-2.84895296363953,0.0169851660954712,0.0408325339659035
"Gcfc2",0.443045563549161,278,-0.278859372995477,-2.18481416619835,0.0365849707655123,0.0784280816921489
"Gch1",0.37468671679198,133,-0.617752435838826,-4.33014567993365,0.00325219290616709,0.00954928201044914
"Gck",0.890618501188354,816,2.82633802542518,-378.533780735917,1.16592008384465e-166,1.50493376976255e-164
"Gclc",0.491365777080063,637,-0.0340274038001942,-0.250576917512944,0.478993575382493,0.619983387688282
"Gclm",0.612068965517241,174,0.572889668420581,-3.76093939448137,0.00609540737673313,0.016490275821295
"Gcn1",0.521656271656272,481,0.096215315259303,-0.193091126262175,0.534313029596761,0.673991553214332
"Gcnt1",0.0660597572362278,357,-3.95569677338317,-243.625702301972,5.64779031871721e-108,4.56722513484698e-106
"Gcnt2",0.450261780104712,191,-0.273018494406416,-1.18987011868325,0.122917984434301,0.212143356010036
"Gdap2",0.487642585551331,263,0.0384741478146351,0.00768850378645425,1,1
"Gdi2",0.49968671679198,532,-0.0330582885792952,-0.0318705258684986,0.800677874961466,0.907182629429669
"Gdnf",0.094017094017094,39,-3.11547721741994,-21.496300669387,5.49472700849578e-11,4.60432055942867e-10
"Gdpd1",0.544776119402985,335,0.368151111648008,-0.685508830611525,0.241637112378573,0.36545027000563
"Gdpd5",0.480263157894737,152,-0.137503523749935,-0.199023515997979,0.528099578195044,0.667911130364638
"Gemin2",0.336653386454183,251,-0.909802191028422,-14.3895799830608,8.11193032483054e-08,5.10762442216347e-07
"Gfm1",0.536533816425121,552,0.23644019582208,-0.881610604883122,0.184223237597725,0.295532115381437
"Gfm2",0.618109577582601,797,0.658585363864336,-18.1943096493649,1.61644326117438e-09,1.21631918935005e-08
"Gfod1",0.680004364346197,1420,1.30065947813371,-49.9035899904754,1.6798017682769e-23,2.7770515932696e-22
"Gfod2",0.593806921675774,183,0.658383570190526,-2.59645820469638,0.0226791269500261,0.0520062521655536
"Gfpt1",0.481441048034934,458,-0.117183539370339,-0.495388597363103,0.31955249548161,0.453206128366824
"Gga1",0.472554890219561,334,-0.158697746019058,-0.724170364889517,0.228794383145733,0.350129480089868
"Gga2",0.45531914893617,235,-0.33703498727757,-1.11027650859282,0.136184271050211,0.23105885421866
"Ggact",0.507430997876858,157,0.0648511443499684,0.0107174535286561,1,1
"Ggnbp1",0.448218113612004,1244,-0.284008534927535,-7.58222115076569,9.8541673126879e-05,0.00040430154872658
"Ggnbp2",0.487488829311886,373,-0.104842365857499,-0.213549027164674,0.513416335074156,0.654615867100957
"Ggps1",0.246342737722048,319,-1.68117781598046,-42.169326310315,4.16884736317616e-20,6.01748462400826e-19
"Ghdc",0.66025641025641,78,0.903784684740697,-3.5157983332839,0.00800839192106992,0.0210041421348065
"Ghitm",0.612637362637363,182,0.736965594166207,-4.00105286639408,0.00467229830786585,0.0131480892539464
"Ghr",0.517344245826436,3465,0.181287846011585,-1.51296701447336,0.0819431253056414,0.152778404736518
"Gid4",0.496688741721854,151,-0.0687127500840141,-0.00524984460297162,0.91838521846641,1
"Gid8",0.46072186836518,157,-0.188072348152572,-0.602308421869026,0.272400868779678,0.400779182649978
"Gigyf1",0.402973395931142,426,-0.579891511173734,-8.71628997733575,2.97679748985436e-05,0.000133024399147154
"Gigyf2",0.5465737514518,1148,0.239365499940162,-3.45553838768342,0.00856633879284559,0.0222857620068138
"Gin1",0.56185944363104,683,0.34564416386117,-3.86566171696234,0.00542709558357179,0.0150213053843026
"Ginm1",0.574884792626728,217,0.415037499278843,-1.72420795776571,0.0633124214596368,0.123461061254236
"Gipc2",0.729833546734955,781,1.51642159722213,-73.9562763477754,4.95731727428937e-34,1.1925990517932e-32
"Git2",0.521947873799726,486,0.166249343298914,-0.188162538852737,0.539576584384588,0.679099575171452
"Gja1",0.591080199675737,1748,0.537293249329842,-19.6960622236625,3.46692434655054e-10,2.76694366397708e-09
"Gja3",0.666666666666667,277,1.00678916566264,-14.0184122458339,1.19028742649241e-07,7.36332645771157e-07
"Gjc1",0.297043010752688,248,-1.26722220279723,-21.8147555473022,3.96809857519479e-11,3.38422841635418e-10
"Gk5",0.424242424242424,132,-0.432111012637785,-1.76088812856386,0.0605675035251354,0.1190421914087
"Gkap1",0.546979865771812,298,0.267933205246633,-0.971116295470324,0.163426327788515,0.267541279380978
"Glb1",0.518279569892473,155,0.204013892021593,0.0332559355039166,1,1
"Glcci1",0.541319444444444,528,0.156789599253179,-0.971115104245314,0.163426586034269,0.267541279380978
"Glce",0.522371364653244,149,0.108252890652023,-0.0788972204556444,0.691195292410142,0.816347492989068
"Gle1",0.556843267108168,302,0.290392521454256,-1.42078861101839,0.0918540123213403,0.167442729685181
"Glis1",0.395161290322581,62,-0.584962500721156,-1.51872449446602,0.0813636862825192,0.151995165883868
"Glis3",0.478571428571429,140,-0.111031312388744,-0.212638699268126,0.514315402551783,0.655219761344687
"Glmn",0.42989417989418,252,-0.433416028593698,-2.80840465957036,0.0177890056988162,0.0423854477282408
"Glrx3",0.535831381733021,427,0.135813855345719,-0.608910295974908,0.269788786132551,0.397895480668355
"Gls",0.490262923351159,748,-0.0743321973608531,-0.299771489898831,0.438752453133852,0.581308027128782
"Glt28d2",1,923,Inf,-848.059412934817,0,0
"Glt8d1",0.629365079365079,924,0.754368640427651,-24.9508912496992,1.61637751718065e-12,1.5216165351075e-11
"Glud1",0.576230012300123,542,0.434800754100274,-4.57121817912991,0.00249748320799797,0.0075766712045244
"Glul",0.602831208284961,1719,0.557239125428132,-26.1248094321281,4.88754248661059e-13,4.76127506097681e-12
"Glyr1",0.525514444004749,722,0.133467142007623,-0.466141474421534,0.334270404056398,0.468886719336791
"Gm10069",0.443853695324284,442,-0.304560962917274,-3.38666952922978,0.00925295594740551,0.0238960524505524
"Gm10097",0.768145161290323,124,1.64045761331286,-16.7394500615097,7.20413050555447e-09,5.05426956572763e-08
"Gm10135",0.508919843597263,682,0.0276784516469508,0.0148986012380874,1,1
"Gm10138",0.486573511543135,823,-0.085202322536885,-0.652127458812629,0.25343747421644,0.379449548726465
"Gm10635",0.516526019690577,237,0.149055809394714,-0.0493161756712936,0.753477079841401,0.868659938147627
"Gm10649",0.332089552238806,134,-0.723159794641175,-7.59766310197732,9.69430615135631e-05,0.000398946553573903
"Gm10766",0.479007633587786,131,-0.0198995574377054,-0.124502980517079,0.617775882106444,0.75295291823106
"Gm11264",0.646666666666667,125,0.763932641766475,-4.58408697459065,0.00246260163575693,0.00749102101338607
"Gm11266",0.410947712418301,510,-0.521346401425185,-8.85046964769901,2.58498925018886e-05,0.000116602472091852
"Gm11508",0.491279069767442,172,-0.08746284125034,-0.063062358200014,0.722484398529701,0.843212533982151
"Gm11613",0.335907335907336,259,-0.976792608838675,-15.1895632126514,3.55331250937402e-08,2.30879318130866e-07
"Gm11732",0.523121387283237,173,0.0627357553479628,-0.0454898901439265,0.762935243705145,0.875854058017394
"Gm11734",0.805913978494624,279,1.85798099512757,-54.6112483032048,1.45054476959033e-25,2.60322366136105e-24
"Gm11816",0.00119904076738609,278,-8.28540221886225,-214.15407772921,3.79419396931284e-95,2.73834730344385e-93
"Gm11884",0.0861111111111111,24,-4.52356195605701,-38.2729678619653,2.15149805311793e-18,2.8709453146178e-17
"Gm11906",0.510309278350515,194,0.027221468735025,0.00582778039716914,1,1
"Gm11944",0.483221476510067,149,-0.0537712564409807,-0.141916431504669,0.594199956718539,0.731121926580171
"Gm11967",0.84733893557423,238,2.23266075679028,-62.8827778957784,3.46041865363919e-29,6.99588253109224e-28
"Gm12092",0.266713907785336,1512,-1.31701646632993,-139.982195222821,7.64462310792016e-63,3.49052451022858e-61
"Gm12153",0.752777777777778,120,1.68225970207607,-14.9935682215419,4.34921964124405e-08,2.80422307704419e-07
"Gm12216",0.202380952380952,182,-2.01748742672884,-35.1743951433604,4.9693315369083e-17,6.23442117303337e-16
"Gm12224",0.0865384615384615,364,-3.4307915705934,-180.155734676868,2.40858781453429e-80,1.45643616316704e-78
"Gm12279",0.61531007751938,172,0.616671360448494,-3.89109759837783,0.00527636439595786,0.0146585090338035
"Gm12295",0.788343968942948,2432,1.93787710166487,-425.734000344785,3.48674528830276e-187,5.44256613374142e-185
"Gm12353",0.516145303971391,1265,0.226305347632316,1.8859101294895,1,1
"Gm12381",1,44,Inf,-102.093119547702,2.54886508135549e-46,8.51143404281494e-45
"Gm12519",0.405505952380952,448,-0.571415968883208,-8.96163448449931,2.29991930674439e-05,0.000104587116442197
"Gm12592",0.533057851239669,121,0.195550809117807,-0.162263541638666,0.568899651132321,0.70764537776133
"Gm12724",0.416895604395604,364,-0.395648514170653,-5.53716108336795,0.000875314115035872,0.00294344105216472
"Gm12905",0.690322580645161,155,1.14244426502021,-10.6328445901047,3.99824355291505e-06,2.03613131465598e-05
"Gm12940",0.503459409594096,1084,0.00218755923776426,0.0258386093175886,1,1
"Gm13270",0.446078431372549,68,-0.394278939112047,-0.389941403042684,0.377176984244867,0.515708274241504
"Gm13274",0.979452054794521,73,5.39231742277876,-49.0852536453749,3.83864754310992e-23,6.22343050950575e-22
"Gm13402",0.453900709219858,141,-0.169925001442313,-0.692760258212033,0.239163036165634,0.362689177303148
"Gm13479",0.492486338797814,244,-0.0440551800779359,-0.10210912192872,0.651337330739631,0.781791159500072
"Gm13481",0.991503284021101,2245,6.66752099150048,-5012.85159152446,0,0
"Gm13483",0.929444444444444,300,3.82017896241519,-159.29107005056,2.94946966902647e-71,1.54662815769575e-69
"Gm13601",0.521509517606172,807,0.126804785072492,-0.24541353823065,0.483558596405226,0.624719232697851
"Gm13938",0.50962202975237,2762,0.0309070283653672,0.0283376290335582,1,1
"Gm13944",0.570422535211268,71,0.527247002864869,-0.512190951743307,0.311481859512414,0.44425546983581
"Gm14097",0.464618249534451,179,-0.162938571126205,-0.617719530827173,0.266351871850959,0.39412560931738
"Gm14221",0.169302514193025,411,-2.43018098553939,-131.883517246693,2.5906862648601e-59,1.11465937241929e-57
"Gm14305",0.226313969571231,482,-1.84327449631255,-75.757322456669,8.08919154193702e-35,1.98881515126305e-33
"Gm14964",0.915706447187929,243,2.79701297783614,-97.1485815329943,3.66780970488747e-44,1.13973790459281e-42
"Gm14966",0.499689054726368,268,0,-0.0223770902663887,0.832456685818828,0.932796206213018
"Gm15270",0.389090909090909,275,-0.630050390249694,-7.27658269703113,0.000136259541356429,0.00054732138933833
"Gm15283",0.58048309178744,345,0.410788026277486,-3.77867283204353,0.00597659546217862,0.0162408537417582
"Gm15328",0.634545454545455,110,1,-3.1592306103783,0.0119487274568424,0.0300374002585492
"Gm15336",0.637179487179487,650,0.858681502565898,-19.6246175038841,3.73014490994781e-10,2.95942466141486e-09
"Gm15337",0.401771336553945,207,-0.569020956852134,-4.5040719861961,0.00268779228766224,0.00808264419121368
"Gm15347",0.496575342465753,292,-0.027480736422107,-0.054334754680724,0.741663994440522,0.859173063632169
"Gm15489",0.478835978835979,378,-0.150559676575382,-0.470928530717742,0.331800710160817,0.46649484009204
"Gm15506",0.322660098522167,203,-1.08130010210185,-13.9049306835314,1.33842164239113e-07,8.2040968618532e-07
"Gm15523",0.487249544626594,183,-0.0865876849960907,-0.143716970521325,0.591869633172524,0.729056520068632
"Gm15543",0.579744816586922,209,0.489384840738926,-1.89342560094002,0.0516567395663503,0.104370871754769
"Gm15545",0.280753968253968,168,-1.38285709352969,-17.3728204506337,3.75719033137266e-09,2.71748507588074e-08
"Gm15614",0.539298245614035,475,0.326429487122303,-0.655382823376726,0.25225607763968,0.378102454916823
"Gm15737",0.327102803738318,321,-1.01149563883783,-20.5249736823264,1.48388164854886e-10,1.20433054716565e-09
"Gm15738",0.661725955204216,506,0.904139984592484,-23.317446149268,8.55237917497756e-12,7.66402790686907e-11
"Gm15787",0.447826086956522,345,-0.290255874568818,-2.31518034649355,0.0314109594946754,0.0688313288045253
"Gm15832",0.538031319910515,149,0.208946890271497,-0.25916397176195,0.471555806457817,0.613744923976123
"Gm15856",0.478260869565217,230,-0.0565835283663674,-0.295393733473219,0.442114771598048,0.584493666922611
"Gm15910",0.570743405275779,278,0.362570079384708,-2.14086220077934,0.0385242457030481,0.0819831126058524
"Gm15932",0.774774774774775,111,1.86941589018986,-16.5420152896027,8.8260658092055e-09,6.1135762344053e-08
"Gm15934",0.62589928057554,139,0.767022828022386,-4.02025469308313,0.00457426721054835,0.0129328060308342
"Gm15943",0.26401018922853,458,-1.69353502250044,-52.8651889964116,8.44822771966251e-25,1.48053536434399e-23
"Gm15952",0.60663430420712,515,0.622115499138622,-9.9196925201685,8.4229163047867e-06,4.07603563357811e-05
"Gm15958",0.199677938808374,207,-1.98632506310292,-41.1812343468952,1.13284580377953e-19,1.60414789767262e-18
"Gm16023",0.584880952380952,700,0.454674471516189,-7.9684440144332,6.54898564186392e-05,0.000276805992620848
"Gm16068",0.524364406779661,472,0.137000930105803,-0.281716601917424,0.452880250579748,0.595675532410596
"Gm16093",0.51553171641791,1072,0.118644496498619,0.00283021304471731,1,1
"Gm16124",0.491154562383613,537,-0.0221616499241586,-0.210778574380015,0.51616107824454,0.657145894760499
"Gm16153",0.482142857142857,168,-0.11164535582891,-0.195397019674928,0.531882316060648,0.671943500781276
"Gm16168",0.303890641430074,317,-1.29160355803057,-24.898023556951,1.70587295893023e-12,1.60137332871884e-11
"Gm16193",0.650735294117647,136,0.83650126771712,-5.45447057270906,0.000957012124380002,0.00319532085541436
"Gm16299",0.448019801980198,202,-0.265461143228334,-1.3298836808616,0.102915785796089,0.183911276427942
"Gm16316",0.0587121212121212,440,-4.20541408616094,-283.049288583919,3.96265331935559e-125,3.85468537384271e-123
"Gm16386",0.795555555555556,225,1.93987900756243,-39.9167974813046,4.07308070194083e-19,5.6484540643444e-18
"Gm16552",0.483568075117371,213,-0.0740005814437765,-0.213070948269632,0.51388815880616,0.654873233701718
"Gm16573",0.664444444444444,150,1.07800251200127,-7.2646284110552,0.000137999674659889,0.000553252262317123
"Gm16576",0.462841530054645,488,-0.235316987425938,-1.63243329288639,0.0707787798253696,0.135786670885746
"Gm16599",0.457421875,640,-0.254024030385559,-2.74531051344684,0.0191187507483847,0.0449789887918536
"Gm16685",0.710342709017152,943,1.25658463063301,-71.4042333169421,6.47304992544676e-33,1.49817624481375e-31
"Gm16759",0.491007194244604,278,-0.110323414905999,-0.0673994618432801,0.71350733491339,0.834331225076424
"Gm16793",0.637337057728119,179,0.883675882032768,-5.52216889811638,0.000889584723918615,0.00298395435629273
"Gm17036",0.400327868852459,305,-0.574393259010969,-6.73670914773737,0.000241967080859212,0.000930173566281233
"Gm17056",0.477272727272727,110,-0.289506617194984,-0.00626477258109048,0.91087458749378,1
"Gm17106",0.587686567164179,268,0.519374159093579,-3.24350626551339,0.0108665442563541,0.0276797893922766
"Gm17197",0.206586826347305,167,-2.00971515483321,-31.2414069518524,2.68779934908065e-15,3.08384773179989e-14
"Gm17276",0.522997564689351,1327,0.112388783784978,-0.489117205555431,0.322635090677799,0.456380764726953
"Gm17473",0.475757575757576,110,-0.0888092669578562,-0.172339920685033,0.557140304463342,0.695466937615389
"Gm17484",0.430989583333333,256,-0.415037499278844,-2.72396645018813,0.0195914945954554,0.0459015573252114
"Gm17501",0.521739130434783,92,0.108934371553164,-0.041096793314324,0.774346449183211,0.885570517450624
"Gm17951",0.445833333333333,120,-0.19854567938208,-0.781532460240342,0.211217020681604,0.328812425227369
"Gm18258",0.290194444444444,600,-1.32580457292289,-52.0017412395355,2.01960760801127e-24,3.50274063694358e-23
"Gm19299",0.955508474576271,236,4.51211193531347,-132.960452630767,8.78931110887574e-60,3.806055236308e-58
"Gm19324",0.767241379310345,58,1.85798099512757,-8.1291048612347,5.52695877980155e-05,0.000237344512668125
"Gm19410",0.24812030075188,133,-1.58496250072116,-17.9538319455822,2.06893315162353e-09,1.54296436818857e-08
"Gm19461",0.596153846153846,234,0.604458676346954,-3.62972676521989,0.00705287489573575,0.0188151416137434
"Gm19522",0.425149700598802,334,-0.476149013582231,-4.27316066994894,0.00346221189392271,0.0101212396480876
"Gm19689",0.651041666666667,96,0.960471635813362,-4.01900134768968,0.00458060154030748,0.0129390774985783
"Gm19710",0.445128205128205,325,-0.282587203255193,-2.01399148228614,0.0447514147197043,0.0928505879445766
"Gm1976",0.774,200,1.85704204615796,-28.6151521295085,3.87651821848596e-14,4.13003020356789e-13
"Gm20045",0.488505747126437,174,-0.0620609681322515,-0.109397850140681,0.63995907030338,0.772789753934593
"Gm20125",0.418303571428571,224,-0.282399730700725,-2.8481464668572,0.017000783411373,0.0408554451332387
"Gm20186",0.902173913043478,230,3.37125580725093,-100.399911877117,1.39731445437946e-45,4.59743853813477e-44
"Gm20275",0.439759036144578,166,-0.391424942056894,-1.41949732256521,0.0920017604898943,0.16753006413678
"Gm20468",0.556451612903226,310,0.346557761396077,-1.47881334300098,0.0854733150463695,0.158130344705411
"Gm20618",0.0874485596707819,162,-3.29418310440446,-89.7073314050213,6.50465546244441e-41,1.84216234025008e-39
"Gm20619",0.417306776132104,3378,-0.536257965724539,-75.883013937404,7.12791682606166e-35,1.75891829913698e-33
"Gm20631",0.53908969210174,498,0.289985202384607,-0.701094541895372,0.236357390315984,0.359164773330515
"Gm20647",0.565146299483649,1162,0.265297964582627,-6.5674456120571,0.000289847102312147,0.00109418096215924
"Gm20732",0.55975094997595,3000,0.346889335741212,-14.7295720416805,5.71079576980738e-08,3.64015775944417e-07
"Gm20757",0.745308716707022,1180,1.47120878641365,-123.422766992988,1.26519909625069e-55,5.2745443068538e-54
"Gm24474",0.939512172415398,1395,4.01983323730342,-1181.57466845459,0,0
"Gm26532",0.363905325443787,169,-0.835613182099118,-6.80162526165773,0.000225794223386091,0.000874008550961615
"Gm26533",0.445054945054945,91,-0.278301162487105,-0.652294825029202,0.253376570042415,0.379443002705196
"Gm26542",0.408066429418743,281,-0.485426827170242,-5.39787519460336,0.00101733366039837,0.00337869546194648
"Gm26549",0.344494047619048,224,-0.821029858954681,-11.710133373205,1.30199588044129e-06,7.20444876300242e-06
"Gm26621",0.515424164524422,389,0.166009951438929,0.146363393410979,1,1
"Gm26632",0.492621527777778,768,-0.0655174109242074,-0.244237601609029,0.484608270884818,0.625758121234878
"Gm26672",0.541278295605859,751,0.207804885113402,-1.69481152138133,0.0656079469029275,0.127088178820332
"Gm26724",0.636363636363636,176,0.80145432061792,-6.03845867394438,0.000510499358510641,0.00181835406962338
"Gm26749",0.587484035759898,261,0.420986765610031,-3.33143897168446,0.00984418062888129,0.0252576989224202
"Gm26759",0.404609929078014,282,-0.476099025015123,-5.60277371751323,0.000815531642659376,0.00276317434908114
"Gm26760",1,109,Inf,-87.1200956767425,8.77266128250919e-40,2.40335112360007e-38
"Gm26779",0.108247422680412,97,-3.14048122354983,-40.4057569429278,2.48306970717763e-19,3.46494051446491e-18
"Gm26782",0,106,-Inf,-84.6992496466264,1.00124779582708e-38,2.65627478481871e-37
"Gm26788",0.511061946902655,226,0.109624491174498,0.0200428714169334,1,1
"Gm26827",0.403125,160,-0.346650524298593,-2.9680202143598,0.0148343086120954,0.0363386421183883
"Gm26862",0.308651523587379,3079,-1.15607375626228,-285.39940925293,3.7631575567838e-126,3.76989754046759e-124
"Gm26881",0.100671140939597,149,-3.18982455888002,-61.7181587964296,1.11921360357579e-28,2.22912810302691e-27
"Gm26885",0.472689075630252,238,-0.187085552600496,-0.583021408042669,0.28021582965936,0.409762232826497
"Gm26901",0.963636363636364,55,4.41503749927884,-33.427477811987,2.92236671786275e-16,3.56635007459906e-15
"Gm26911",0.413841807909605,177,-0.462626957797104,-3.08429125240656,0.0130038761274609,0.0323027448436408
"Gm26981",0.475519287833828,337,-0.133266530863464,-0.579444867981351,0.281695918462718,0.411388817389417
"Gm27003",0.434622467771639,181,-0.399095955409822,-1.86355323820453,0.0535360600524318,0.107520656813861
"Gm28376",0.418877099911583,754,-0.539854470400066,-10.7614222577899,3.49638662710787e-06,1.80496102610792e-05
"Gm28379",0.445652173913043,184,-0.321928094887363,-1.33078750415109,0.102798897612049,0.183751318447955
"Gm28403",0.858974358974359,78,2.89812038598079,-29.7714824201539,1.19653117250522e-14,1.3209074391209e-13
"Gm28609",0.621160409556314,293,0.730239730977893,-7.16275186220815,0.000153767480343114,0.000609620394603061
"Gm29107",0.507120253164557,316,0.0428130835389737,0.000873046324102233,1,1
"Gm29237",0.508704231843978,1653,0.098664648224652,0.435807738142557,1,1
"Gm29642",0.416302765647744,229,-0.444784842672895,-3.58590770058697,0.0074057793692841,0.0196020633722985
"Gm30054",0.616788321167883,137,0.773229138152978,-3.21625027664349,0.0112050719407728,0.0283698388783353
"Gm30085",0.280346820809249,173,-1.22588140741633,-17.658109475265,2.80288162289125e-09,2.06282252772435e-08
"Gm30262",0.758426966292135,89,1.68182403997374,-11.433137008846,1.73672587580702e-06,9.43115216700382e-06
"Gm30307",0.762402190923318,426,1.73696559416621,-56.010261785817,3.53630452864857e-26,6.4851573760353e-25
"Gm30382",0.785602101860843,1573,1.84293925004858,-208.153939366382,1.55270331342209e-92,1.08559839996761e-90
"Gm30624",0.661931818181818,88,1.11547721741994,-3.91710255088431,0.00512666932086738,0.0143018306241321
"Gm30735",0.978260869565217,46,5.83289001416474,-34.449718806718,1.03614366051942e-16,1.28077278994592e-15
"Gm30866",0.464982255416071,899,-0.228441466009253,-2.80576507469368,0.0178426757041668,0.0424982396473979
"Gm30963",0.244444444444444,60,-1.47999294111961,-8.60163960783774,3.35856115035602e-05,0.000148600279770531
"Gm31013",0.48237137633847,1094,-0.142326504296166,-0.972182208086451,0.163195435166525,0.26742376973577
"Gm31224",0.733108108108108,148,1.44409996488131,-15.7465993260647,2.0014005787348e-08,1.33932210214038e-07
"Gm31305",0.597911227154047,383,0.590543532984456,-5.96750925369923,0.000550885807365138,0.00194300869103248
"Gm31356",0.401994301994302,585,-0.599861377100495,-11.6012433386386,1.45808665238856e-06,7.99565164283661e-06
"Gm31600",0.497916666666667,240,0.0532420212769793,0.0282710453385846,1,1
"Gm31663",0.299001996007984,835,-1.22443156661005,-68.5379096993931,1.16067646601086e-31,2.6055051638344e-30
"Gm31763",0.585133744855967,324,0.529024329127298,-3.73155255615455,0.00629762847336117,0.016968961185548
"Gm31870",0.791486291486291,231,1.95800591133537,-38.674260815128,1.43301941828696e-18,1.92368526710841e-17
"Gm32027",0.975815523059617,889,5.51751797972302,-703.259138411231,8.05370996858306e-308,2.57411910995855e-305
"Gm32391",0.411111111111111,135,-0.5376567859428,-2.36953546081325,0.0294849903184628,0.0650710186624189
"Gm32591",0.788,125,1.92337871839709,-20.9629966099931,9.47940885790761e-11,7.80684567537127e-10
"Gm32718",0.395452047265732,1213,-0.590061655378824,-26.4821344668633,3.39671489605236e-13,3.35769519621553e-12
"Gm32786",0.37609649122807,152,-0.719099173372693,-5.16682898341341,0.00130626066919095,0.00422535981282393
"Gm32828",0.0816326530612245,49,-4.02236781302845,-33.3282441394404,3.23190735652192e-16,3.92981198858245e-15
"Gm33424",0.767195767195767,126,1.85663582482882,-16.0438423729564,1.4736853812727e-08,9.98120714339287e-08
"Gm33474",0.525193798449612,129,-0.0335525597110262,0.167936680931348,1,1
"Gm33609",0.326891447368421,608,-0.837349662355442,-37.6787108245433,3.92769231860236e-18,5.18950213434233e-17
"Gm33934",0.452471482889734,263,-0.310700839464109,-1.47216087115717,0.0861798702675623,0.159174267813946
"Gm33989",0.553631756756757,592,0.259968102786011,-2.46414386152901,0.0264204842333283,0.0593860654539102
"Gm34240",0.142194092827004,395,-2.70043971814109,-144.053507609293,1.28536108187073e-64,6.16238827251167e-63
"Gm34961",0.3359375,96,-0.906890595608519,-5.04001384382677,0.00149885081455506,0.00479746622188535
"Gm35041",0.379023770158156,2038,-0.827628316667832,-50.0400641142392,1.46354592552502e-23,2.43754844965855e-22
"Gm35188",0.477347883597884,504,-0.145141900512423,-0.888806280060805,0.182442763783511,0.292885871924163
"Gm35212",0.0901639344262295,122,-3.48308288670194,-56.2686122665182,2.72500450125806e-26,5.03863091251903e-25
"Gm35254",0.473638778220452,502,-0.109877617772374,-0.974225902727198,0.162753781157731,0.266830331981117
"Gm35268",0.976923076923077,325,5.22496636500028,-215.263124474208,1.24838967025805e-95,9.1078168117087e-94
"Gm35330",0.804659022697842,3144,2.03751653224396,-1072.90943682926,0,0
"Gm35417",0.523065476190476,224,0.187932950593074,-0.0603221953246873,0.728336644152323,0.848272697475341
"Gm35533",0.999655765920826,415,10.468624042918,-956.888810554927,0,0
"Gm35546",0.778082009038003,1318,1.64161440488037,-177.604656975112,3.11000615477489e-79,1.81516185311731e-77
"Gm3587",0.57715318869165,1521,0.473339798678347,-11.0072071289119,2.70610529305462e-06,1.42569691734557e-05
"Gm35992",1,106,Inf,-79.6332185734063,1.63653469775602e-36,4.25752747726296e-35
"Gm36037",0.424287699791522,1439,-0.475192372510679,-14.7962700430867,5.33097140756862e-08,3.40776000834291e-07
"Gm36201",0.412935323383085,201,-0.513069582239371,-3.42619227386393,0.00885230459313486,0.0229851715393119
"Gm36235",0.847587719298246,152,2.40880554556733,-45.2916752323508,1.77346431875832e-21,2.73015883199676e-20
"Gm36372",0.775800376647834,708,1.86507041991389,-100.378194608034,1.42814518738822e-45,4.67595634036573e-44
"Gm36638",0.497601918465228,278,-0.0534392589614603,-0.00383729282771128,0.930190856535001,1
"Gm36703",0.667792792792793,444,0.943416471633633,-21.4060611339446,6.02575971490978e-11,5.04300488858783e-10
"Gm36827",0.526140622295091,1544,0.121552348204888,-1.03142633423568,0.150927393130141,0.251059395957747
"Gm37184",0.125886524822695,94,-3.09397614820901,-45.5822023293003,1.32217420790486e-21,2.05903324442168e-20
"Gm37296",0.510506208213945,349,0.0784266469568164,0.00201365876040427,1,1
"Gm37320",0.557649357900614,597,0.339024088710669,-2.84477879356882,0.0170661565830105,0.0409831996369112
"Gm37376",0.446826922547877,3800,-0.28719715867747,-32.4939885815566,7.53564398772438e-16,8.95207830895682e-15
"Gm37459",0.745762711864407,177,1.59474352151374,-20.6627269383442,1.28879694725101e-10,1.05108203037045e-09
"Gm37677",0.444149791063967,1037,-0.343359475418874,-6.62767277281796,0.000271803677655134,0.00103245403758985
"Gm37829",0.327245053272451,219,-1.04730571477836,-14.2480726533252,9.38852181971822e-08,5.8564831276904e-07
"Gm37982",0.560283687943262,141,0.259643816633019,-0.740657389922561,0.223568926058242,0.344015275493562
"Gm38134",0.28319783197832,123,-1.46297197634255,-12.1302477521667,8.41473024295062e-07,4.75818613232389e-06
"Gm38162",0.460264900662252,151,-0.38003104945093,-0.429832167330687,0.353832642175387,0.490889767317321
"Gm38250",0.474683544303797,158,-0.234465253637023,-0.132723679878154,0.606402202756505,0.742436971671284
"Gm39214",0.84535864978903,395,2.5713520692025,-134.129286215408,2.71925708862512e-60,1.19291853456548e-58
"Gm40124",0.069271244409366,1629,-3.4839678399828,-1085.35110244434,0,0
"Gm40437",0.625,96,0.843880798082718,-2.67684591552519,0.0206784417024845,0.0480920653870673
"Gm40457",0.226190476190476,70,-1.75207248655641,-10.3460424117878,5.39385062997087e-06,2.68572147094692e-05
"Gm40528",0.836,125,2.32192809488736,-32.3285542505328,8.91341519867848e-16,1.05514713956843e-14
"Gm40604",0.786533816425121,276,2.02137365079257,-42.7448097091004,2.32921153949132e-20,3.40602785469842e-19
"Gm40649",0.716666666666667,70,1.62618516344767,-5.66404901822985,0.000763430539703659,0.00260108922969084
"Gm40652",0.0348763291724457,412,-4.43246457103703,-319.30516752135,6.70150541050378e-141,7.4967507192169e-139
"Gm40841",0.427693895986579,369,-0.340655302956268,-4.26477552350769,0.00349425883601572,0.010206033641139
"Gm40999",0.304054054054054,74,-1.36564947231668,-5.99595611762954,0.000534319341915087,0.00189236166532352
"Gm4107",0.587020648967552,113,0.433896526530159,-1.33156669538762,0.102698244233008,0.183620302421937
"Gm41505",0.657983056370153,372,0.869939459435627,-15.4589213152409,2.69185546154249e-08,1.76961154337641e-07
"Gm41664",0.254166666666667,240,-1.25938662881865,-30.1058909208043,8.5180800147783e-15,9.48148475276815e-14
"Gm41717",0.517906336088154,484,0.227307911750565,0.354540607589684,1,1
"Gm41757",0.504373177842566,343,0.139606067295581,0.314261617420243,1,1
"Gm42209",0.633236848355302,802,0.802508780312758,-21.3241914615812,6.55185702916617e-11,5.46965974872678e-10
"Gm42413",0.397727272727273,88,-0.645335118700638,-2.0771500982155,0.0415289311423849,0.0871886724515758
"Gm42432",0.526684636118598,742,0.179549420330713,-0.394413224356981,0.374455217663001,0.513212475144929
"Gm42651",0.485165794066318,191,-0.069708971811405,-0.141103170791013,0.595258735466811,0.732156245639222
"Gm42984",0.478682170542636,258,-0.136501999904862,-0.383664571762608,0.381044573419395,0.520148703841972
"Gm42992",0.683118741058655,233,1.1056101879606,-14.5299956785597,7.01712635097778e-08,4.44329736488329e-07
"Gm42993",0.631147540983607,244,0.751612370130608,-7.49754861076869,0.000107790859697125,0.000439012287795572
"Gm43361",0.595572498662386,2047,0.570790529776966,-22.6234748843503,1.73690847224238e-11,1.52593320231556e-10
"Gm43597",1,150,Inf,-109.580759135075,1.37809573764819e-49,5.13876588394149e-48
"Gm43713",0.408742331288344,326,-0.607379966828753,-5.69206283738845,0.000740744106213365,0.00253667063311434
"Gm43915",0.529365079365079,315,0.112266232250913,-0.278291164754251,0.45564056085369,0.598281652873798
"Gm43948",0.423148148148148,180,-0.34444553144879,-2.41584601054794,0.0279411959761487,0.0623682432297672
"Gm43980",0.464957264957265,195,-0.194503024162978,-0.686341149078601,0.241351561898755,0.365161053863197
"Gm44127",0.335183281945872,973,-1.0491971904432,-53.386459836121,4.99215700527236e-25,8.81772574194422e-24
"Gm44386",0.487520128824477,621,-0.0984484880880943,-0.325650101911492,0.419648206025573,0.560880484281451
"Gm44686",0.524736620311842,791,0.145605322246899,-0.548844247804936,0.294773943071755,0.42685457430244
"Gm44710",0.348633879781421,305,-0.878693703777867,-14.8624726756875,4.97899810265711e-08,3.18883924284681e-07
"Gm44767",0.500186846038864,446,0.0809199953835682,0.148635023384998,1,1
"Gm44899",0.480576441102757,399,-0.0906025487809066,-0.532794918117702,0.301943726379993,0.434401433343759
"Gm45012",0.513498003992016,668,0.0547231863408397,-0.0438472762652964,0.76712877260695,0.880165525083393
"Gm45025",0.526205450733753,159,0.118181426348314,-0.102342209599016,0.650965993564263,0.781485199213617
"Gm45037",0.0280373831775701,214,-5,-131.50126057025,3.80235264498085e-59,1.62556630274595e-57
"Gm45132",0.554012345679012,162,0.325575871902506,-0.669067235474472,0.247363226110859,0.37233353798167
"Gm45507",0.507168458781362,186,-0.0144995696951149,0.0399554951421521,1,1
"Gm45670",0.909108087679516,441,3.29218075149331,-198.049567242619,3.89147571646612e-88,2.5860975256357e-86
"Gm45828",0.431554677206851,253,-0.529779585451847,-2.10202803039834,0.0403274128618824,0.085172308095958
"Gm45871",0.220238095238095,168,-1.81762325751143,-29.0770896789734,2.42358761607549e-14,2.61109471574617e-13
"Gm46218",0.787878787878788,165,1.90948770709456,-27.5159253241323,1.18592366941309e-13,1.21340238858241e-12
"Gm46367",0.515384615384615,130,0.165059246270497,0.0237544382427046,1,1
"Gm46430",0.462166172106825,337,-0.271302021817394,-1.16207077367886,0.127380476003025,0.218664387450717
"Gm47071",0.441747572815534,206,-0.623694895209871,-0.687825694347026,0.240843265074277,0.364660499701905
"Gm47092",0.681089743589744,208,1.08746284125034,-12.4179013824012,6.24271306373035e-07,3.55771909324644e-06
"Gm47162",0.564755838641189,314,0.310929095938105,-2.05526238144512,0.0426171371240106,0.0889170731664157
"Gm47167",0.542222222222222,150,0.206450877467426,-0.382146824161225,0.381988167562122,0.521021673983874
"Gm47200",0.0793650793650794,63,-4.52356195605701,-63.7885118862614,1.38904142008983e-29,2.8775450653219e-28
"Gm47271",0.639344262295082,183,0.841302253980942,-6.40454757138167,0.000344938358811727,0.00128338484719751
"Gm47438",0.539906103286385,142,0.233490130219778,-0.282498007900926,0.452254246535941,0.595085375955546
"Gm47603",0.373684210526316,95,-0.700439718141092,-3.27681993427271,0.0104669817966037,0.0267228534875634
"Gm47760",0.547026279391425,241,0.335603031784439,-0.711730448734045,0.232834595287528,0.354930127323079
"Gm47889",0.780748663101604,187,1.88929653559378,-29.1411422680255,2.27079735994303e-14,2.45436262156805e-13
"Gm47962",0.51685393258427,178,0.180572245641821,0.0454273630680859,1,1
"Gm48321",0.567630597014925,536,0.401516359625225,-3.73336384576226,0.00628496859419731,0.0169416502828323
"Gm48383",0.417682926829268,164,-0.429392792255913,-2.50709345264261,0.02514043332611,0.0569306978693826
"Gm48606",0.410470085470085,390,-0.649207088391646,-6.62687436765907,0.000272035306489032,0.00103274942146741
"Gm48630",0.307017543859649,342,-1.09873395358536,-26.4643367661828,3.45883200833745e-13,3.41407065293544e-12
"Gm48678",0.474545454545455,550,-0.136634692021845,-1.0810627776691,0.141448905021118,0.238543982538127
"Gm48882",0.458740740740741,450,-0.238684544418045,-2.04016033843266,0.0433854242100745,0.0903515256897364
"Gm49130",0.567092651757188,313,0.366985369872703,-2.25676279436004,0.0336278579250407,0.0731163532208855
"Gm49164",0.575529892595761,501,0.614807011654622,-2.76429198474648,0.0187082401725107,0.0442614409721155
"Gm49171",0.378504672897196,107,-0.365284464081744,-2.74871724562968,0.019044394072265,0.0448763498671389
"Gm49223",0.436926889714994,269,-0.426264754702098,-2.28031808263668,0.0327149193464222,0.0713625409987605
"Gm4924",0.414248021108179,379,-0.472068444315222,-6.1386936281404,0.000458479796606112,0.00164650422408787
"Gm49336",0.484147386461011,389,-0.0990797737080023,-0.404738609877541,0.368274855971065,0.507048376056982
"Gm49390",0.515485564304462,635,0.138898105821688,-0.0161727627648816,0.857271413928054,0.954704783521669
"Gm49417",0.588372093023256,215,0.517607232919391,-2.83465979731332,0.0172641510482796,0.0413785745866167
"Gm49661",0.324324324324324,259,-1.07885542071124,-17.0865437329511,5.04214649277477e-09,3.58505161647291e-08
"Gm49741",0.587344028520499,187,0.44859005898987,-2.43061574910618,0.0274667237938894,0.0613703895155078
"Gm49797",0.543951261966928,383,0.25211862835461,-1.04182867434838,0.148883075575743,0.248327559822009
"Gm49891",0.266203703703704,108,-1.31451062332488,-12.1775014626403,8.01183989513872e-07,4.54568633779975e-06
"Gm49959",0.336622807017544,304,-0.946061192889196,-17.5177047553931,3.2376385302211e-09,2.35950378011336e-08
"Gm50013",0.411764705882353,136,-0.53051471669878,-2.37349010592403,0.029349756481859,0.064801172863894
"Gm50020",0.642857142857143,98,1,-3.58936836690765,0.00737726331919099,0.0195407227302328
"Gm50100",0.776199911933069,757,1.7921951148866,-110.990540741052,3.34401182087094e-50,1.2680795108297e-48
"Gm50114",0.748711490728573,761,1.62673609955285,-81.492553993162,2.52043001894022e-37,6.60825245590888e-36
"Gm50194",0.348863636363636,660,-0.944919474807353,-30.5978149912809,5.16761035054455e-15,5.82941187779076e-14
"Gm5089",0.590277777777778,72,0.473931188332412,-0.863534335204179,0.188785688744092,0.30069519289282
"Gm5105",0.562887236679058,269,0.436570660828485,-1.37347696686794,0.0974399008257397,0.175622076891075
"Gm52698",0.492,250,-0.184031947637687,0.198064289067418,1,1
"Gm52948",0.528301886792453,106,0.167109985835258,-0.0834949087180803,0.682801026642438,0.809637718719288
"Gm53207",0.475190839694656,262,-0.141355849245542,-0.494911380761607,0.319785696980455,0.453401267032703
"Gm53610",0.469601677148847,318,-0.171855028540713,-0.810676100288504,0.202903345556236,0.318197956862957
"Gm5427",0.296844181459566,169,-1.34103691783507,-13.9100884786173,1.33130442365116e-07,8.16792988258373e-07
"Gm54318",0.490229885057471,145,0.153623189113212,0.3236699609146,1,1
"Gm54719",0.547749391727494,274,0.269389900873617,-0.656822024864084,0.25173593873452,0.377491425555429
"Gm5481",0.328660436137072,321,-1.03881924889053,-20.3292294531727,1.81300709293274e-10,1.46613296479091e-09
"Gm5532",0.506128229948106,1610,0.143601107652901,1.64216302423938,1,1
"Gm55759",0.442559523809524,448,-0.351985328743542,-3.57757247140756,0.0074749254075287,0.0197759950080144
"Gm56450",0.317140600315956,422,-1.18237674248857,-30.1136192040503,8.45145226812778e-15,9.42294811024479e-14
"Gm56549",0.506329113924051,79,0.0627357553479628,0.00325925957708506,1,1
"Gm56583",0.448001700680272,784,-0.288706675371946,-4.85336363388819,0.00183594679776437,0.00575835276009087
"Gm56602",0.199074074074074,36,-1.38702312310925,-5.12992652412504,0.00135956509229599,0.00438932222197726
"Gm56624",0.372549019607843,272,-0.798366138830349,-9.69069236945589,1.07045422213093e-05,5.11744212175411e-05
"Gm56646",0.967662860980524,1489,4.98660322194947,-1264.6854800795,0,0
"Gm56671",0.456335839598997,475,-0.11792572456269,-1.80901100208689,0.0571567907909979,0.113200466152015
"Gm56707",0.135714285714286,175,-2.65450343397423,-59.6497176242992,9.00555723176766e-28,1.75713081801234e-26
"Gm56730",0.95397489539749,478,4.49984588708321,-287.139548715902,6.58421546844564e-127,6.79896218833955e-125
"Gm56843",0.94546783625731,342,4.24511249783653,-260.390720586991,2.86107511218211e-115,2.49396573415147e-113
"Gm56874",0.394110275689223,266,-0.678071905112637,-6.00781128296927,0.000527564628326059,0.00187072701134709
"Gm56880",0.578746177370031,545,0.405992359675837,-5.26178533614518,0.00117861534933021,0.00384769758010912
"Gm56908",0.558510638297872,94,0.218180170049534,-0.423705136538189,0.357285992750568,0.494760384431981
"Gm56919",0.362162162162162,185,-0.886991038170813,-7.72976646229505,8.42907115803394e-05,0.000350967280475954
"Gm56980",0.600877192982456,114,0.633217669328377,-1.97234098775802,0.0470197405338693,0.0965364717117013
"Gm56984",0.492534722222222,288,0.0836579290469093,0.189223323675776,1,1
"Gm57015",0.521621621621622,370,0.0608251926960444,-0.0799573029964336,0.689235149108508,0.814706889526245
"Gm57084",0.583333333333333,201,0.446515730752012,-1.87170808583642,0.0530159492994834,0.106635616331475
"Gm57127",0.864197530864197,135,2.68929916053589,-43.1597272367217,1.53095034332967e-20,2.26337856925743e-19
"Gm57146",0.397076023391813,285,-0.59627781394899,-6.46501256525892,0.000323353441869189,0.00121180809705527
"Gm57182",0.52,175,0.0595010117486616,-0.0322863121839987,0.79940946490222,0.906357487909409
"Gm57184",0.671455938697318,174,1.14383577257365,-9.1042769096739,1.97987634443472e-05,9.12074812892643e-05
"Gm57239",0.344202898550725,161,-0.918863237274595,-8.56929000040873,3.47492377767534e-05,0.000153546335719269
"Gm57242",0.467327798277983,1084,-0.231243338918714,-2.65617870446886,0.0211746853984194,0.0491100512765001
"Gm57283",0.845994001713796,1556,2.47630543720169,-575.265710078413,3.43867117658822e-252,7.95874515077936e-250
"Gm57352",0.577956989247312,434,0.455530683297393,-4.22182307016465,0.00366321046304124,0.0106439258129579
"Gm57403",0.649778516057586,301,0.960471635813363,-11.9848551395951,9.78632535084965e-07,5.49212506311897e-06
"Gm57414",0.925130208333333,512,3.6675398139675,-334.89016848465,1.11525874529226e-147,1.33671726757172e-145
"Gm57466",0.468449931412894,243,-0.12075215946061,-0.615271687477559,0.267301390608236,0.395269207702684
"Gm5817",0.583662714097497,253,0.490747159103506,-3.03575757733293,0.0137379065250784,0.0339877731648825
"Gm5820",0.576819469143121,723,0.484915323870826,-5.92080547165119,0.000579216955273857,0.00203225520324
"Gm5860",0.901869158878505,214,3.34146828128301,-93.3017308160197,1.7528969641842e-42,5.18301516458341e-41
"Gm6225",0.408088235294118,136,-0.501194143028559,-2.52255614713764,0.0246955066980125,0.0560931364219655
"Gm6712",0.513849092645654,349,0.0717906830680102,-0.0390384702476467,0.779920596358484,0.890125326093886
"Gm6994",0.0629943502824859,295,-3.83058722829532,-154.728484767489,2.86761307741722e-69,1.46926862409346e-67
"Gm7160",0.567757009345794,214,0.487549999063211,-1.49781283787891,0.0834896564067397,0.155144677132347
"Gm7694",0.429078014184397,141,-0.326228232320988,-1.61865321231366,0.0719788858511724,0.137524133741266
"Gm7854",0.356382978723404,94,-0.736965594166206,-4.17858513058431,0.00384168354159035,0.0111000344085899
"Gm7933",0.0610021786492375,153,-3.96347412397489,-79.1287110708654,2.71890021201269e-36,6.99205295901502e-35
"Gm8189",0.92662037037037,1440,3.74094157393735,-951.15912868653,0,0
"Gm9895",0.782216235776607,1292,1.95115062599179,-176.645468875378,8.13768217094718e-79,4.6683865582391e-77
"Gm9929",0.42,100,-0.54252723440076,-1.46095779813054,0.087384069640272,0.160734961749933
"Gm9934",0.303832116788321,274,-1.18379717602387,-22.2572860321345,2.52471031158754e-11,2.19505901701756e-10
"Gm9993",0.509708737864078,206,0.130060540564372,0.0666114606631822,1,1
"Gmcl1",0.508771929824561,342,0.111568229045812,0.109333339422619,1,1
"Gmds",0.490852713178295,645,-0.0247224294112312,-0.262058992655284,0.469090333334,0.612078988595997
"Gmeb1",0.580810397553517,436,0.458809901307749,-4.72876911914358,0.00210283100709348,0.00650124445859579
"Gmeb2",0.5,462,0.0161196653632771,-0.0237928379830805,0.827318931545527,0.928744717935036
"Gmfb",0.438636363636364,220,-0.332983283396358,-1.97901658700079,0.0466481778201756,0.0960437329843615
"Gmnn",0.500744047619048,224,-0.13224779829844,0.222934047502747,1,1
"Gmpr",0.446077235772358,820,-0.282263877313847,-5.56542671852435,0.000849035177228047,0.00286368045706264
"Gmps",0.440559440559441,143,-0.263034405833794,-1.14920238993736,0.129506945259476,0.221804188972086
"Gna12",0.567016317016317,572,0.445094733135024,-3.61077252209611,0.00720336795695257,0.0191405406678803
"Gna13",0.496985815602837,470,-0.0158830416066555,-0.104653516429153,0.647311087465476,0.778908572798185
"Gnai3",0.545518207282913,238,0.217098121666934,-0.636488247141443,0.259209033430889,0.385784649012708
"Gnao1",0.753968253968254,189,1.70043971814109,-23.8123270701642,5.16152658631218e-12,4.66902512767215e-11
"Gnaq",0.474051614722888,2026,-0.10617510151251,-3.77664486025606,0.00599006210408042,0.0162577019177468
"Gnas",0.487361769352291,422,-0.0178480013329247,-0.251744686476968,0.47797092136746,0.61897372645541
"Gnb1",0.516026666666667,625,0.150376605064332,0.0121328680120314,1,1
"Gnb1l",0.272727272727273,220,-1.31774029792393,-24.5588980827224,2.41043383166447e-12,2.2346452870348e-11
"Gnb2",0.541666666666667,108,0.21501289097085,-0.231219795756715,0.496486028554192,0.637782626536984
"Gnb5",0.557065217391304,184,0.296617006358175,-0.912306191240532,0.176765231736842,0.286097958866092
"Gne",0.451219512195122,164,-0.314510623324879,-0.974837458451958,0.162621885831513,0.266679232274888
"Gng12",0.51490162037037,576,0.0123837244558329,0.0986016947366579,1,1
"Gng2",0.199115044247788,113,-1.90689059560852,-22.1375342171625,2.85327042288471e-11,2.46475560854597e-10
"Gnl2",0.44529262086514,262,-0.281412935148649,-1.93773332183522,0.0489966875442547,0.0998681344661518
"Gnl3",0.547526041666667,256,0.29589023398584,-0.814861563561379,0.201741348235368,0.316819824369629
"Gnpat",0.509266227657573,1063,0.0595010117486616,-0.00482504588489974,0.921745785673338,1
"Gnpda1",0.629770992366412,131,0.775293712825306,-4.00935718248437,0.004629642346357,0.0130454069810026
"Gnptab",0.423872875092387,451,-0.430839355401737,-5.97917445148948,0.000544030577737037,0.00192287163653028
"Gns",0.405906976744186,1075,-0.562202597721301,-18.6164903987033,1.04825849494475e-09,7.9920443170211e-09
"Golga1",0.492115768463074,334,-0.0946368741380752,-0.0689768833757967,0.710323778690004,0.831187796821357
"Golga3",0.525488400488401,546,0.160720310546159,-0.368478125634056,0.390637647286167,0.530224446629879
"Golga4",0.468245117491441,2640,-0.138884509305687,-6.27486020784409,0.000396265585634804,0.00145023697425344
"Golga5",0.491556534508076,454,-0.0711910478569528,-0.154606067496047,0.578164053619881,0.716778191336654
"Golim4",0.648049645390071,188,0.939458458064949,-7.6464477357963,9.20621074034432e-05,0.000380258993779637
"Golph3",0.47643747486932,829,-0.131244533278252,-1.51385542924095,0.0818534245206754,0.152653566374763
"Golph3l",0.446875,160,-0.360589715256467,-1.08252463983433,0.141180096937301,0.23827025663645
"Gon4l",0.37531867431485,1046,-0.739333579992685,-32.6739986736852,6.2773685007558e-16,7.51046299056559e-15
"Gon7",0.423822222222222,375,-0.432959407276106,-5.06883870365368,0.00145269086284579,0.00467423828927178
"Gopc",0.52858837485172,281,0.118394700802231,-0.25997140176986,0.470866081389915,0.613542426704409
"Gorasp2",0.527882205513785,532,0.160464672193246,-0.4336225706096,0.351719100643077,0.488462363649149
"Gosr1",0.487527412280702,608,-0.140960922653465,-0.199748603697685,0.527349034161126,0.667289331131504
"Gosr2",0.683510638297872,188,1.08746284125034,-11.8957653600334,1.07353788314776e-06,5.99466411954055e-06
"Got1",0.482019641616304,2157,-0.109187612405055,-1.71496845353022,0.0640245471767291,0.12448805349079
"Got2",0.504631350681537,1076,0.0574691359976134,0.0736098275936001,1,1
"Gpam",0.486186161374131,1729,-0.123558639752254,-0.825397788264127,0.198850683462954,0.313174995725802
"Gpat3",0.526443838108231,733,0.137783142907877,-0.368185739072032,0.390825708084435,0.530372453025217
"Gpat4",0.398931000971817,343,-0.607379966828753,-7.61529527700088,9.5149593602148e-05,0.000392046698746235
"Gpatch1",0.489247311827957,217,-0.118319967188762,-0.0983984228548422,0.657318858291819,0.786860027974798
"Gpatch2",0.437290525966484,1148,-0.364292700533716,-9.9355357788329,8.28444999364921e-06,4.01192123790574e-05
"Gpatch2l",0.483402922755741,479,-0.0951572330403403,-0.495331177250591,0.31958054314067,0.453206128366824
"Gpatch4",0.558666666666667,125,0.29373120305671,-0.691088901076611,0.239730536497891,0.363385582875756
"Gpatch8",0.478806155530293,2262,-0.0920465032048092,-2.98792932168726,0.0145030184622365,0.0356441815886236
"Gpbp1",0.510842220399234,1219,0.0827776757844583,0.124406815163184,1,1
"Gpbp1l1",0.506401331719128,1416,-0.00292339520676643,0.211793706525441,1,1
"Gpc1",0.514763014763015,429,0.0978473233981445,-0.0565720822554567,0.736592555709247,0.854854275793212
"Gpcpd1",0.497998199042236,4350,0.0447121516434366,0.32705523587174,1,1
"Gpd1",0.391468253968254,120,-0.618909832644493,-2.87943578948504,0.0164056046939665,0.0396808716057309
"Gpd1l",0.671348314606742,178,1.12075215946061,-9.61796753211007,1.15518299443927e-05,5.48732360840507e-05
"Gpd2",0.373253493013972,334,-0.835699547751566,-11.4481968489395,1.70972326711776e-06,9.30061245764546e-06
"Gphn",0.524327793160843,2935,0.163811768877022,-0.769512461238264,0.214763001857995,0.333281175560309
"Gpi1",0.605142979086641,781,0.57863765481326,-14.1911063448928,9.9576019543069e-08,6.20570327923008e-07
"Gpld1",0.407284768211921,151,-0.409875794163066,-2.81355265983925,0.0176848116233767,0.0421671245527902
"Gpm6a",0.554212454212454,65,0.292781749227846,-0.262793163793418,0.468468392844062,0.611624168988396
"Gpn1",0.426020408163265,196,-0.435386144670646,-2.47777802332305,0.0260069599642301,0.0585946072419437
"Gpr107",0.467283950617284,675,-0.225152504521688,-2.06677398298234,0.042041120441179,0.0880986576338413
"Gpr108",0.516587677725118,211,0.117569596381176,-0.0341869222830553,0.793719342155758,0.901276302579842
"Gpr137c",0.431532036898529,382,-0.350363173849439,-4.15722369036314,0.00393309684998818,0.0113348845243112
"Gpr146",0.574190177638453,319,0.395137941841138,-2.79484098345716,0.0180665760947407,0.042970538181396
"Gpr157",0.430952380952381,350,-0.377846939970428,-3.82441662789341,0.00568090514600518,0.015594841097011
"Gpr180",0.410394265232975,279,-0.493040011280117,-5.07052219132208,0.00145003985794951,0.0046679460559027
"Gpsm1",0.448510362694301,772,-0.335401383165634,-4.5223880426388,0.00263446493168949,0.00794006673619212
"Gpt2",0.59822695035461,282,0.485426827170242,-4.62600494635643,0.0023523710500554,0.00718340058597446
"Gramd1a",0.114275668073136,474,-2.97615325804563,-189.756014214829,1.58928029899776e-84,1.00634427989368e-82
"Gramd1b",0.739854105301915,1552,1.56209137675216,-141.811319317986,1.21948985377757e-63,5.76423654827821e-62
"Gramd2b",0.520319634703196,511,0.0772195024618956,-0.135495636565508,0.602667591813113,0.73874792835442
"Gramd4",0.536739417989418,504,0.252580048196628,-0.644837531905409,0.256107840888511,0.382338929725019
"Grb10",0.81584451901566,1490,2.30382142012616,-291.176517922913,1.1541156029416e-128,1.210378738585e-126
"Grb14",0.492229849682043,2667,-0.155326036890817,1.14468743310772,1,1
"Grina",0.489185750636132,262,-0.0703893278913981,-0.161795638656258,0.569457369946108,0.708021009008274
"Grip1",0.254480286738351,93,-1.4262647547021,-12.0476341788198,9.16853059112737e-07,5.16701740786288e-06
"Grip2",0.5,216,0.0248746686390291,-0.0094556681357858,0.8906209752916,0.983360418844747
"Grk4",0.389655172413793,145,-0.607682577221239,-3.93999488207446,0.0049984763120787,0.0140009195606715
"Grk5",0.686355081555834,1594,1.1251965146777,-85.9614951609713,2.81306456666443e-39,7.61342313364986e-38
"Grm1",0.992603632058372,3998,6.73316489868054,-18344.3882524193,0,0
"Grpel2",0.376585928489043,289,-0.72973402493513,-9.77385697894704,9.81180786643916e-06,4.70742347387703e-05
"Grsf1",0.518632268632269,407,0.130396637255675,-0.05532452545458,0.739406407180969,0.857297599757932
"Gsap",0.10998578535892,469,-3.09463687413808,-207.010482617654,4.88512735464577e-92,3.34581375554922e-90
"Gsdma3",0.000548245614035088,114,-8.20945336562895,-202.912531607784,2.97107903253111e-90,1.99418824663488e-88
"Gse1",0.481737012987013,616,-0.0584166862253221,-0.70482306753604,0.23511514570452,0.357600919548774
"Gsg1l",0.276875,400,-1.35049724708413,-41.6031286502715,7.39233464639467e-20,1.0579392355352e-18
"Gsk3b",0.472760060744115,878,-0.185456746972863,-1.70257407708004,0.0649932776678881,0.126079445001984
"Gspt1",0.499242424242424,550,-0.00448739099231332,-0.0598869586621049,0.729279823860359,0.848634912924883
"Gss",0.437984496124031,215,-0.32736198093799,-2.02709979323382,0.0440616025293933,0.09158918432248
"Gsta4",0.536594202898551,230,0.0469974795371693,-0.0535795911068249,0.743401839530005,0.860592126065091
"Gsta5",0.0921052631578947,76,-3.56768450928932,-38.7502949470654,1.32682834988531e-18,1.78470378445495e-17
"Gsto1",0.618338108882521,349,0.949726793518776,-7.04562980185341,0.000174151151454527,0.00068678174416145
"Gstz1",0.49266862170088,341,-0.0226014289371328,-0.1193520073831,0.625143714387147,0.759450608319734
"Gt(ROSA)26Sor",0.451702296120348,421,-0.288244968631075,-2.36296195079404,0.0297112174347107,0.0654915242764461
"Gtdc1",0.531420765027322,488,0.162056758108974,-0.534536691468247,0.301154840459081,0.433649704720585
"Gtf2a1",0.470899470899471,441,-0.16925970512391,-0.955922936460013,0.166758360206845,0.271868378360054
"Gtf2a2",0.405253283302064,533,-0.536052900240209,-10.4898516983978,4.6417487516145e-06,2.34075263868043e-05
"Gtf2b",0.582608695652174,230,0.575860293613903,-2.49529290848463,0.0254855793804755,0.0576080515894511
"Gtf2e2",0.611194779116466,332,0.581731379458143,-6.98931901545239,0.000184899512662798,0.000728102090460456
"Gtf2f2",0.427281368821293,526,-0.452729789350794,-6.02752897521805,0.000516520425392148,0.00183433073821804
"Gtf2h1",0.500437828371278,571,-0.0383604736987602,0.0311062024334205,1,1
"Gtf2h2",0.511461318051576,349,0.155119066666906,0.156417040293945,1,1
"Gtf2i",0.541604278074866,935,0.274394267998342,-1.95780845914874,0.0478394540862842,0.0979854793491423
"Gtf2ird1",0.325694444444444,600,-1.1031988876415,-37.4210276054579,5.09918475484857e-18,6.7241116060007e-17
"Gtf2ird2",0.530637254901961,204,0.0647056893878153,-0.0917302604496228,0.668416036678377,0.796733872879642
"Gtf3c1",0.434268833087149,677,-0.423650629583552,-6.16423033462547,0.0004461041261899,0.00160635777628037
"Gtf3c2",0.47849782005549,841,-0.124772965049937,-1.28891788968053,0.108369739189894,0.192294728655984
"Gtf3c3",0.561567164179104,536,0.424715413181198,-2.97008958717299,0.0147995141089713,0.0362798899559589
"Gtpbp10",0.441071428571429,280,-0.428843298803875,-2.2076825796351,0.0356166548572044,0.0767198290762374
"Gtpbp2",0.572818581293158,531,0.43382097495826,-4.40203383167375,0.00300559693745214,0.00891058597357719
"Gtpbp4",0.5,300,0.0369942074822021,0.000851778976084461,1,1
"Gtpbp8",0.509850275807723,423,0.0187772070306282,0.0292630328177665,1,1
"Gucy1a2",0.397619047619048,266,-0.605368711382993,-6.08902438422874,0.000483552000588763,0.00172822205961224
"Guf1",0.475435816164818,631,-0.168976172048763,-1.11958746321488,0.134552759324464,0.228521791646204
"Gxylt1",0.493392070484582,227,-0.0698214494975717,-0.0611483999470863,0.726556653077722,0.846346451832293
"Gyg1",0.55188679245283,477,0.3172667175175,-1.80006771453048,0.0577748643660581,0.114323375479063
"Gys1",0.52103588825927,1437,0.161479633570407,0.0842434946889625,1,1
"Gzf1",0.381713462922966,463,-0.684338663514996,-13.9727111472484,1.24785818611935e-07,7.69111491756937e-07
"Gzmm",0.33640081799591,163,-1.04890960048095,-9.02062405076765,2.16170090313058e-05,9.89722814584753e-05
"H13",0.580279232111693,382,0.399607458709237,-3.91570339671165,0.00513461214223719,0.0143120916522824
"H1f2",0.486111111111111,216,-0.158429362604482,-0.0912435730120364,0.669244482050897,0.797438125958747
"H2az2",0.507113821138211,328,0.0837683576925974,0.0337238980954453,1,1
"H2bc4",0.418333333333333,200,-0.551241882877155,-2.83375404080601,0.017281988809476,0.0413830570421702
"H3f3a",0.502207505518764,302,0.00856201350342367,-0.0142864928293989,0.865768752172452,0.962355648988365
"H3f3b",0.479028697571744,302,-0.102482957601251,-0.449653515559078,0.342967589534545,0.478785037636411
"H6pd",0.385416666666667,240,-0.692571474807753,-6.92377682738996,0.000198254664923954,0.000777269457342044
"Hacd1",0.475416666666667,600,-0.12976787497033,-1.01977267931056,0.15325544533961,0.25398778990604
"Hacd2",0.501382488479263,217,0.0122783297784368,-0.0154738443584961,0.860357144754675,0.957505746243306
"Hacd3",0.464285714285714,720,-0.26419833896743,-1.90646379844281,0.050858483965767,0.103192909425099
"Hace1",0.406543494996151,433,-0.519374159093579,-8.16189294029556,5.3389582689272e-05,0.000230006982676761
"Hacl1",0.556603773584906,159,0.277984747299765,-0.769548326098118,0.214752316760002,0.333281175560309
"Hadh",0.319444444444444,600,-1.05490834110239,-40.390772382044,2.5210141756383e-19,3.51059069437433e-18
"Hadha",0.50675679543022,2269,0.0292012260247425,0.00349629639322302,1,1
"Hadhb",0.525609057885177,2412,0.159602410465754,-0.982455798656247,0.160989004629294,0.264259769887948
"Hagh",0.454518779342723,568,-0.219678036639412,-2.81609873161301,0.0176335128648018,0.0420896651310632
"Hand2",0.553890641430074,317,0.220125814364503,-1.22506353567542,0.117515354505076,0.204714004525842
"Hand2os1",0.602015958047181,2949,0.60183972271504,-60.1320992920682,5.53724782450442e-28,1.09311786464923e-26
"Hapstr1",0.517887253605946,1621,0.0791525280373686,-0.236899940769035,0.491244219808095,0.632936716413217
"Hars1",0.478009259259259,144,-0.0183785293148544,-0.122516331352415,0.620594656942475,0.755428243996716
"Hat1",0.496149614961496,303,-0.041105203329673,-0.0469425448794993,0.759294977915602,0.873504654172972
"Haus2",0.373134328358209,134,-0.779874185635497,-4.64916412304417,0.00229363063320699,0.00701999489743972
"Haus6",0.443569553805774,127,-0.270647589943668,-0.928806985315902,0.172900435013531,0.280716025578496
"Hba-a2",0.388513513513513,148,-0.599037685932879,-3.87754255347977,0.00535615175506429,0.0148452371235511
"Hbb-bs",0.469462025316456,316,-0.151205804095723,-0.865676107190154,0.188238299378109,0.300169973013614
"Hbegf",0.732950191570881,348,1.54225804976692,-34.2493208141947,1.2696503111537e-16,1.56652442802641e-15
"Hbp1",0.486542443064182,644,-0.0973848046607007,-0.499287089580321,0.317655760898956,0.451143772144264
"Hbs1l",0.501169590643275,285,0.0188590272513158,-0.0109339894822256,0.882438847739456,0.975802746898277
"Hcfc2",0.509132420091324,438,0.0178480013329247,0.0243124647832929,1,1
"Hcn1",0.502831509449157,204,0.0807312721128568,0.0554455832952385,1,1
"Hdac1",0.566433566433566,286,0.359081093304829,-2.0334886884261,0.0437294580889743,0.0909551046461715
"Hdac2",0.505555555555556,270,0.00998408857262234,0.00708006993920662,1,1
"Hdac4",0.473013001787082,2855,-0.17353301988614,-6.79801750889601,0.000226663761148599,0.000876868682898787
"Hdac5",0.59954954954955,370,0.638733757162137,-6.14772313389454,0.000454064786896762,0.00163239574164492
"Hdac7",0.380530973451327,339,-0.749732890240084,-10.5787162371531,4.2305734068611e-06,2.14306480806428e-05
"Hdac9",0.584159482758621,1160,0.540823071987583,-10.4561375800802,4.80803652626042e-06,2.41553451828293e-05
"Hdgf",0.455188679245283,212,-0.228268987673117,-1.06307650426487,0.144803777067277,0.243102289063423
"Hdgfl2",0.459170013386881,249,-0.286304185156641,-0.999066918439269,0.157493007232025,0.259855718913803
"Hdgfl3",0.43010752688172,279,-0.446746359006182,-3.17436361541618,0.0117465543564319,0.0295845676699328
"Hdhd2",0.577202202202202,666,0.389600285353857,-6.33055009941882,0.000373342453682936,0.00137685414786806
"Hdhd5",0.471329552614997,529,-0.194548788411135,-1.18249431077879,0.124084817978589,0.213882202946146
"Hdlbp",0.549349240780911,461,0.279758640643422,-1.64759200892121,0.0694833219648099,0.133745929747004
"Hdnr",0.162144702842377,516,-2.50962917549587,-178.363751538098,1.45267905833107e-79,8.70569807099834e-78
"Heatr1",0.452554744525547,137,-0.17687776208408,-0.71418612945142,0.23203027045947,0.354032092594673
"Heatr3",0.513406459475929,547,0.0735290354219647,-0.0391047107244731,0.779738773101304,0.890085893282525
"Heatr5a",0.370563924963925,1375,-0.702702769649661,-45.8176678763741,1.04215351341334e-21,1.62672892605357e-20
"Heatr5b",0.657088122605364,696,1.01792190799726,-30.2354365124411,7.4675306735145e-15,8.36762368624864e-14
"Heatr6",0.509803921568627,323,0.048363021561399,-0.00468601871858709,0.922877851131805,1
"Hebp1",0.160633484162896,221,-2.38702312310925,-63.4946129145101,1.8678479571921e-29,3.84570413762986e-28
"Heca",0.547067901234568,432,0.265189290537468,-1.31853477276132,0.104395947506897,0.186258798422725
"Hectd1",0.500309460654288,1508,0.0357938885280777,-0.00347742159920017,0.933536905504462,1
"Hectd2",0.526831785345717,323,0.122396631359726,-0.230600189475012,0.497063508239558,0.638280135317374
"Hectd2os",0.631606583524323,1526,0.817844709772275,-32.9024657596733,4.97835114704171e-16,5.97758370285223e-15
"Hectd4",0.605941704035874,446,0.606766871039505,-8.61141808761204,3.32416448406425e-05,0.000147175409083373
"Hecw2",0.48526802783513,1453,-0.11538920796187,-1.04831806456059,0.147623605134362,0.24660269727771
"Heg1",0.595209354035911,1943,0.609548763434745,-23.0745212823967,1.09590557571746e-11,9.76855009855989e-11
"Helb",0.302721088435374,343,-1.22064475905018,-27.634149301009,1.05150848227982e-13,1.07751525695605e-12
"Helq",0.642441860465116,172,0.807354922057605,-6.34430185347404,0.000367890883527887,0.00135824180981253
"Helz",0.482539682539683,1701,-0.0983094133488347,-1.71802075110372,0.0637883542488561,0.124172689593481
"Hemk1",0.444196428571429,224,-0.357893592175235,-1.67730379206907,0.0670171819631186,0.129630929491773
"Herc1",0.483671383647799,2120,-0.0889041218210276,-1.824956825551,0.0560721184510869,0.111579027288377
"Herc2",0.49631498470948,1090,-0.0190248256817562,-0.279537507869463,0.454633173008559,0.59751279757851
"Herc3",0.556509239100095,853,0.457568187197086,-2.2306143565263,0.0346725485241047,0.0750232577994167
"Herc4",0.500327045846759,1674,0.00950186776715434,-0.0902382278809455,0.670964101362987,0.79906157706678
"Herpud1",0.641600703605981,758,0.865490064188321,-25.2633492981245,1.17554651352911e-12,1.11287280660188e-11
"Herpud2",0.517730496453901,658,0.14363268845917,-0.0636493086477685,0.721249533822915,0.841917716699027
"Hexa",0.564516129032258,155,0.310340120612151,-0.987995567650046,0.159813370116649,0.263037601820243
"Hexb",0.236111111111111,144,-1.72128397193394,-21.4029448084283,6.04498877078818e-11,5.05279758773727e-10
"Hey2",0.539325842696629,89,0.263034405833794,-0.179645750532771,0.548899981165501,0.687353857011724
"Hfe",0.236196319018405,163,-1.68684211474037,-24.8139891792728,1.85844432807314e-12,1.73489267455172e-11
"Hgsnat",0.510245901639344,488,0.0584597305479981,-0.0129254290562812,0.8722650865604,0.967869608363929
"Hhat",0.864083640836408,542,2.70435122991149,-186.517664658371,4.08616616600473e-83,2.56321002861904e-81
"Hibadh",0.443497785739165,1914,-0.365036014590472,-10.6487147959174,3.93258459146541e-06,2.00726294889094e-05
"Hibch",0.641008527994067,899,0.789384746439906,-30.2184149889001,7.59780080935725e-15,8.49940650540098e-14
"Hif1a",0.498148148148148,180,0,-0.0283918889241193,0.811653485677895,0.915611334938939
"Higd1a",0.536363636363636,385,0.183029989065675,-0.654726281395142,0.252493795759465,0.378374270403557
"Hikeshi",0.468361581920904,295,-0.18696293179885,-0.850979149947477,0.192032073215574,0.305028230493992
"Hinfp",0.481859410430839,147,-0.146220740851043,-0.137076141079717,0.600559889114885,0.736921019330733
"Hint1",0.491228070175439,171,-0.0951572330403403,-0.056484203590685,0.736789628346802,0.854854275793212
"Hint3",0.506878306878307,315,-0.0413407953808997,0.141971880195683,1,1
"Hip1",0.659980897803247,349,0.978626349207434,-16.286002414675,1.1485730798041e-08,7.89070881437578e-08
"Hipk1",0.456471935853379,582,-0.204888673697144,-2.76359414163915,0.0187231699420189,0.0442738967939183
"Hipk2",0.488178623452828,1477,-0.155165844169898,0.660523201466731,1,1
"Hipk3",0.544875757417012,1818,0.275488334583168,-2.58545821671169,0.0229680961102021,0.0525790794992076
"Hira",0.492424242424242,330,-0.08698330159464,-0.0867850838175741,0.676958183889696,0.804060047826516
"Hivep1",0.540941543953592,747,0.262476411225837,-1.37039326853665,0.0978166104170885,0.176159133114971
"Hivep2",0.53655217436326,2652,0.153639730082157,-3.85280020577329,0.00550497593223822,0.0151992589293225
"Hivep3",0.698377581120944,226,1.18903382439002,-17.1383776894052,4.78057674387567e-09,3.41717051170325e-08
"Hjv",0.539731682146543,323,0.275234859439321,-0.574858062350131,0.283608582536379,0.413462381838439
"Hk1",0.635386721423682,487,0.847247649181116,-14.6478893385909,6.21308944833641e-08,3.94907730845019e-07
"Hk2",0.509484924122989,2181,0.0119086938350825,0.237632343429595,1,1
"Hlcs",0.514806378132118,439,0.130469931895409,0.00846259423741458,1,1
"Hlf",0.564230343300111,301,0.470026733876496,-1.61597366756502,0.0722147700909135,0.137857092391983
"Hltf",0.683391003460208,289,1.01885902725132,-17.9149630120235,2.15315084812648e-09,1.60398984379855e-08
"Hmbox1",0.550033738191633,988,0.257844849731231,-3.57564271000456,0.00749102786579188,0.0198107876419208
"Hmces",0.502564102564103,325,-0.0637759104333151,0.124960805659498,1,1
"Hmcn1",0.466000477607837,2864,-0.209831876726723,-9.65364468720236,1.11280704508922e-05,5.29727722456657e-05
"Hmg20a",0.514395558722242,1604,0.105390559081469,-0.104083512436773,0.648207880047786,0.779428751501387
"Hmg20b",0.669467787114846,357,1.01667874114663,-18.6937061359491,9.68451716583863e-10,7.41191325166578e-09
"Hmgb1",0.5,336,0.0556480295499151,0.036642574950065,1,1
"Hmgcl",0.450943396226415,265,-0.290515142255901,-1.59079518436278,0.0744722129276146,0.141442414592572
"Hmgcs1",0.526490066225166,151,0.100693999619473,-0.0968288870704725,0.659889561482718,0.78909295148263
"Hmgn1",0.365836791147994,241,-0.780034316058092,-9.42157218302145,1.41920268258004e-05,6.656665552395e-05
"Hmgxb3",0.5727969348659,522,0.417954982661138,-4.57082306400292,0.00249856208789599,0.0075766712045244
"Hmox2",0.637191358024691,540,0.821820283995876,-17.2048909405844,4.46473733796038e-09,3.20506064303637e-08
"Hnmt",0.460714285714286,140,-0.190102883379943,-0.568684581145746,0.286208923859571,0.416619886563748
"Hnrnpa1",0.424193548387097,310,-0.425091163942767,-4.02810953801054,0.00453477192805467,0.0128427802451911
"Hnrnpa2b1",0.479826182441481,1778,-0.103566081631302,-2.33997362093896,0.030516685654838,0.0670907285015633
"Hnrnpa3",0.5000569476082,878,0.056795705003398,0.137088738419607,1,1
"Hnrnpc",0.549437586290912,1759,0.311518311809432,-4.67642388245122,0.0022263925915046,0.00684228345887312
"Hnrnpd",0.484191508581752,369,-0.0424352663203962,-0.316621108874642,0.426168535311423,0.568224713748564
"Hnrnpdl",0.464225589225589,396,-0.191760802682785,-1.31593288860745,0.104738568891726,0.186671607647708
"Hnrnpf",0.510622710622711,455,0.0919957840807726,0.00694949062130945,1,1
"Hnrnph1",0.591590413943355,1530,0.541927589749037,-14.973024323805,4.44236248755091e-08,2.85878590761666e-07
"Hnrnph3",0.564663805436338,932,0.368076555691252,-5.04855191340448,0.00148502526393197,0.00476153340910053
"Hnrnpk",0.448205128205128,325,-0.275234859439321,-2.17193699821325,0.0371423199913038,0.0794705934911162
"Hnrnpl",0.586840554081933,1131,0.47718675693965,-12.9530076183132,3.58450426078794e-07,2.09757564066335e-06
"Hnrnpll",0.534060846560847,756,0.249027547839915,-0.921249042140744,0.174658438526337,0.28316604816154
"Hnrnpm",0.477056585829767,701,-0.130442189093794,-1.13778928072304,0.131426071670604,0.224461016044044
"Hnrnpr",0.427464008859358,301,-0.425305834732671,-3.73093672692528,0.00630193869447492,0.0169737610422615
"Hnrnpul1",0.530681818181818,440,0.167109985835258,-0.487396997009455,0.323487473810581,0.457201079009607
"Hnrnpul2",0.501031991744066,323,0.0248033910005727,-0.0100388189002842,0.887320465223708,0.980522713628833
"Homer1",0.44258803434215,2675,-0.20492838581858,-22.5908887135329,1.79568189270856e-11,1.57550547239998e-10
"Homer2",0.491448179271709,1700,-0.0498868579255807,-0.731369313034975,0.226494878921935,0.347085303042016
"Hook1",0.53288740245262,299,0.0859000734056465,-0.229848722349118,0.497765406733996,0.63893696882742
"Hook2",0.567164179104478,134,0.335184191589629,-0.97262038864406,0.163100626749798,0.267333676860719
"Hook3",0.4981765134938,457,0.0330402617640075,-0.00893175527397716,0.893675829838729,0.985977212982925
"Hopx",0.387276550998948,634,-0.56672692927209,-16.9696983044522,5.6855695245305e-09,4.01700448933144e-08
"Hp1bp3",0.619268897149938,538,0.666262602823004,-13.3294183920345,2.42738068596956e-07,1.44437758548118e-06
"Hpf1",0.609756097560976,246,0.667424660913129,-5.2015814084551,0.00125799658636522,0.00408498939897598
"Hps3",0.474679487179487,520,-0.1646307017728,-1.04378780234924,0.14850157080862,0.247884243538288
"Hps4",0.484018264840183,219,-0.13632147121278,-0.185888701976495,0.542037021230177,0.681429572297611
"Hps5",0.616013071895425,306,0.679480099505446,-7.3605124541331,0.000124648520261439,0.000504913016291358
"Hr",0.473333333333333,255,-0.243454036864278,-0.312171628976955,0.429437868323974,0.571108970118984
"Hrc",0.446927374301676,358,-0.336363185150931,-2.18714820217389,0.0364848901441693,0.0782486483390654
"Hs2st1",0.482099596231494,743,-0.0563508543813636,-0.748300682565855,0.221195038821407,0.341458394795144
"Hs3st5",0.523247418462391,3343,0.0903269315860675,-1.38859047379628,0.0956163343508595,0.172939055824028
"Hs6st1",0.577669902912621,206,0.503432615224558,-1.98674479918537,0.0462218894370528,0.0954882492771618
"Hsd17b11",0.5582497212932,299,0.424687669312562,-1.3794686316304,0.0967124634846049,0.174451506290962
"Hsd17b4",0.53398025195778,979,0.103253961797025,-0.906217402675566,0.178216427898407,0.287960679839698
"Hsdl2",0.558105491000228,1254,0.324498762561591,-5.34752459104334,0.00107422617660817,0.00353972452740989
"Hsf1",0.442144373673036,314,-0.332843872366546,-2.38969288090374,0.0288023925721883,0.0637814777118205
"Hsf2",0.528629856850716,489,0.134542123378828,-0.470013541493472,0.332270876703224,0.466673984235398
"Hsp90aa1",0.553763440860215,248,0.34632474919483,-0.959993391701488,0.165858117339649,0.270795349935228
"Hsp90ab1",0.524664224664225,546,0.193850840687793,-0.223062816207062,0.504180595311776,0.645786221441688
"Hsp90b1",0.507103041885651,598,-0.0145360931578806,0.0991921432488425,1,1
"Hspa14",0.599838969404187,207,0.536599479159757,-3.53126370362926,0.00787128730459478,0.0207022258575392
"Hspa4",0.503737116148234,1547,-0.00939869800224935,0.164517863614492,1,1
"Hspa4l",0.543184296619411,655,0.135799217537686,-1.254009578514,0.113268225011273,0.199056635534623
"Hspa5",0.494473838918283,486,0.0446998074708143,0.0381214551598532,1,1
"Hspa8",0.471558193477964,698,-0.126785290510761,-1.49933204090485,0.083333204683061,0.154939742335929
"Hspa9",0.480384336475707,1379,-0.111710387497017,-1.74843281011226,0.0614850943979935,0.120457663047091
"Hspb1",0.497625413801884,748,-0.07240849552805,0.19304197650581,1,1
"Hspb7",0.47802757793765,1112,-0.0818770070544081,-1.64600473448399,0.0696177721830516,0.133889537791588
"Hspb8",0.441221151037102,652,-0.337869638756384,-4.90685264458568,0.00173216172814618,0.0054634725184761
"Hspbap1",0.546554934823091,179,0.298523490552419,-0.581608475040525,0.280799371066296,0.410376442541461
"Hspbp1",0.489224137931034,232,-0.055709432586287,-0.133961403326509,0.604728586857877,0.740817352617279
"Hspd1",0.455743879472693,177,-0.224706287174694,-0.898901304254508,0.179978375967058,0.28989278263483
"Hspg2",0.41021021021021,888,-0.504634935773639,-15.5394214791506,2.47757224080284e-08,1.6383709241644e-07
"Hsph1",0.493568232662192,298,0.00831526821200335,-0.0620320924154498,0.724667683425545,0.845025971360712
"Htra1",0.344875346260388,361,-1.03016197051025,-18.4601519878725,1.23057751105431e-09,9.33292232112603e-09
"Hus1",0.437125748502994,167,-0.40109830832097,-1.58907772136162,0.0746289320694973,0.141699969462649
"Hycc1",0.44245382031906,1588,-0.365228849251545,-10.1758186496518,6.44379283269666e-06,3.16623261296193e-05
"Hycc2",0.521019345238095,1024,0.104336659814736,-0.345251017654618,0.405993672385319,0.546645843340072
"Hyou1",0.530612244897959,98,0.18220333122075,-0.10817573547385,0.641834088201373,0.774400575230562
"Iars1",0.53262339418526,493,0.222392421336448,-0.596395867622107,0.27476715268478,0.403729669181314
"Iars2",0.556450763559768,633,0.284408056626361,-2.95047319976982,0.015132751428926,0.0369349191239822
"Ibtk",0.382203951962016,1364,-0.727534841260476,-36.0484692377256,2.04881368454751e-17,2.62937618559902e-16
"Ica1",0.713129496402878,278,1.21853494566693,-22.9007156062372,1.30867892628709e-11,1.15729287921461e-10
"Ice1",0.740627130197682,489,1.4957687713917,-54.4034277246191,1.78895679440201e-25,3.19347819256018e-24
"Ice2",0.53834808259587,452,0.220644759050181,-0.853221310257084,0.191447573577492,0.304429309133411
"Ide",0.49329428433202,1378,-0.114998790938719,0.577139280814208,1,1
"Idh1",0.345635528330781,653,-0.938371343225192,-31.0614212121492,3.2268658521892e-15,3.68973144802282e-14
"Idh2",0.565162353601234,1358,0.355536487530182,-6.52008246275591,0.000304881246625335,0.00114770775510334
"Idh3a",0.511399711399711,924,0.0422524870520711,-0.0166641874372999,0.855142796624778,0.952662701574538
"Idh3b",0.350402597402597,2200,-0.839902514968462,-85.6963366140349,3.67282172181991e-39,9.90039333207037e-38
"Idua",0.460280373831776,214,-0.204617719608472,-0.872302705712286,0.186556347074373,0.298632530780632
"Ier2",0.582736021237763,287,0.353636954614701,-2.97916157179765,0.0146479662321414,0.0359477694150395
"Ifi35",0.716494845360825,97,1.29373120305671,-8.77346044458668,2.80304324059193e-05,0.000125594300606495
"Ifnar2",0.513550135501355,123,0.0213736507925661,0.00887334180052335,1,1
"Ifngr2",0.576832151300236,282,0.501194143028559,-2.58315851916666,0.0230289898851873,0.0527005046400876
"Ifrd1",0.476525899992764,3389,-0.144737101772607,-11.3295486068755,1.93442165966637e-06,1.04120594865122e-05
"Ift140",0.429611650485437,206,-0.384340702055927,-2.39624491475681,0.0285840790256704,0.0634550437846288
"Ift172",0.479500891265597,187,-0.0571439071036091,-0.236998253383831,0.491154311236165,0.632936716413217
"Ift43",0.621124031007752,344,0.68314289466006,-9.19339909819286,1.8030288984403e-05,8.36798458980321e-05
"Ift46",0.550595238095238,168,0.318361479867169,-0.636457298312877,0.25922061487594,0.385784649012708
"Ift52",0.512056737588652,235,0.0650950282218847,-0.0177343861622603,0.850616755354325,0.948660689482256
"Ift74",0.463768115942029,138,-0.133855746734791,-0.450354584962795,0.34259162779362,0.478459218841194
"Ift80",0.506687242798354,162,0,0.0243723154894155,1,1
"Ift81",0.548667966211826,513,0.281684462941459,-1.6542472952508,0.0689226032488996,0.132857126078867
"Ift88",0.567415730337079,178,0.472487771462744,-1.23978382025098,0.115333953600001,0.201804352597291
"Iftap",0.514957264957265,234,0.0681715026415795,-0.0290488628698995,0.809528223901622,0.914277879661398
"Igdcc4",0.483992467043315,177,-0.0435016386365863,-0.159722657125599,0.57194118157462,0.710252866726883
"Igf1r",0.644028156221617,1468,0.85547351708202,-46.9799487815767,3.21981652487577e-22,5.07310059036765e-21
"Igf2bp2",0.531012153815501,478,0.167259759522483,-0.451355601129194,0.342055776959308,0.477831040348533
"Igf2r",0.552367075302343,1344,0.410416838625018,-1.81885142791725,0.0564848185246469,0.112170764745639
"Igfbp5",0.537037037037037,135,0.139162747671625,-0.195959715517205,0.531292189076755,0.671442887042587
"Igfbp7",0.492178098676294,277,-0.0283818013698216,-0.120986032291114,0.622785400034121,0.757270942940039
"Igsf3",0.590909090909091,165,0.452512204697507,-2.2581026792015,0.0335752205044924,0.0730640742970423
"Iigp1",1,255,Inf,-249.108885359019,2.32139361300061e-110,1.90014560127562e-108
"Ik",0.536492374727669,306,0.296531317821881,-0.385095393883404,0.380158037076396,0.519149693765366
"Ikbkb",0.462787015043547,421,-0.253975066546328,-1.47134690957682,0.0862667536669475,0.159247098628315
"Ikzf2",0.473595641646489,1180,-0.128092994608393,-2.39268820526695,0.0287023738679475,0.0636650143429159
"Ikzf5",0.56640625,256,0.421137698815262,-1.77443754861071,0.0595858328075851,0.117318894046498
"Il10rb",0.651324965132496,239,0.895469416528693,-9.70232000368037,1.05749817934491e-05,5.0627159627411e-05
"Il15",0.527110651023694,1518,0.205717738614914,-0.623090502562718,0.26428314007457,0.391409628459954
"Il15ra",0.435028887214268,1327,-0.427993154382757,-10.4863160991463,4.6589129413594e-06,2.34764441909942e-05
"Il1r1",0.522935779816514,109,0.0458036896131251,-0.0111927491629018,0.881066131599309,0.975242311073315
"Il6st",0.45262111352133,922,-0.240385666888594,-4.72214760274005,0.00211806876431819,0.00653174579970311
"Il7",0.461322081575246,474,-0.213543971268284,-1.97353722606618,0.0469529293133157,0.0965231428946325
"Ilkap",0.503717472118959,269,0.07240849552805,0.0385523743713634,1,1
"Ilrun",0.377635847526358,822,-0.752437002928646,-24.5495291148034,2.43357024222883e-12,2.2529825470124e-11
"Immp1l",0.441631992602866,721,-0.34348423825381,-5.76105275768168,0.000687734501667929,0.00237696909124364
"Immt",0.503836409699602,921,-0.00255118552933231,0.00298486169526768,1,1
"Impa1",0.492805755395683,139,-0.0551415541924616,-0.0483711391849226,0.755774616494672,0.870262347900539
"Impact",0.484210526315789,760,-0.0371529984174659,-0.608491273439654,0.269953642275976,0.397963726544333
"Inca1",0.400046168051708,361,-0.562419932070068,-7.30970675252479,0.000131552353851001,0.000530483589545957
"Ing1",0.404392764857881,129,-0.559427408614019,-2.72580627037888,0.0195502731490413,0.04584955743409
"Ing3",0.416666666666667,252,-0.465223256447061,-3.95679606451517,0.00490647482021569,0.0137676668032139
"Inhca",0.984496124031008,129,6.10852445677817,-84.8553808082361,8.55735094144877e-39,2.27924363170651e-37
"Inip",0.547940797940798,259,0.291462814160311,-0.881864271069333,0.184160129614355,0.295501503698673
"Inka2",0.489644970414201,338,-0.0221389772692486,-0.159397743813599,0.572332413455672,0.710493340730501
"Ino80",0.535597635897037,1837,0.21712273410611,-2.19741474499551,0.0360480641661804,0.0775339951650587
"Ino80c",0.0266821345707657,431,-5.26052755022322,-276.936980323866,1.80822139045451e-122,1.70940591165221e-120
"Ino80d",0.495586380832282,793,-0.0509415656631753,-0.0868374234898965,0.676866294280146,0.804060047826516
"Ino80dos",0.496678743961353,552,-0.0182622063927287,-0.110022934555786,0.63900497063555,0.771819572234265
"Inpp1",0.685185185185185,171,1.1926450779424,-10.8860971964614,3.07017523625265e-06,1.60241183403793e-05
"Inpp4a",0.565004887585533,341,0.327164743253509,-2.1791906963818,0.0368272806475943,0.07892232046828
"Inpp5a",0.484086762736132,2062,-0.0672345156985541,-1.97523718128969,0.0468581571043658,0.0963873584077547
"Inpp5b",0.401929260450161,311,-0.581342185042459,-6.73363543930569,0.000242761162974185,0.000932692001077692
"Inpp5f",0.418901660280971,261,-0.52083216330144,-3.78989502795102,0.00590263145627506,0.016078921401996
"Inpp5k",0.595744680851064,235,0.560957037710367,-3.71230714173242,0.00643376150304868,0.0172925382517073
"Inppl1",0.557291666666667,288,0.383328639551506,-1.3616643427298,0.0988915897305832,0.17780882675373
"Insig2",0.495910020449898,163,0,-0.0261689753227188,0.819043883526864,0.92145869028366
"Insr",0.531479153703924,3270,0.221557769857635,-3.86357915970348,0.00543962945868619,0.0150497909838012
"Ints10",0.399544764795144,659,-0.546743178490666,-14.5305215660858,7.01331770920758e-08,4.44329736488329e-07
"Ints11",0.467857142857143,140,-0.192645077942396,-0.411502626352558,0.364302963297832,0.50292091519026
"Ints13",0.49789029535865,237,-0.0339473319233372,-0.0268441362167948,0.816765361833469,0.920129088389769
"Ints14",0.457264957264957,312,-0.228941207165386,-1.49864982376329,0.0834034220782547,0.155027352254014
"Ints3",0.417872523686477,387,-0.493040011280117,-5.7370536054483,0.000705725414523189,0.00242914306783571
"Ints4",0.473586923311946,1091,-0.132845156638691,-2.15592586701018,0.0378477426048001,0.080722608313765
"Ints6",0.538442940038685,1034,0.303162518539104,-0.720351593007535,0.23002558356497,0.351602036511918
"Ints7",0.667543859649123,380,0.958179824305373,-19.6478850962579,3.64229487283036e-10,2.89657383725561e-09
"Ints8",0.498722860791826,783,-0.00602378762777001,-0.0934672728966461,0.665480309593673,0.79422187731023
"Ints9",0.517223382045929,479,0.0745469533650542,-0.0990955503103805,0.656184916326474,0.786063387182454
"Intu",0.723460733372777,1478,1.41845216369161,-118.256716022939,2.26441341960437e-53,9.26752614169787e-52
"Invs",0.295014880952381,448,-1.34994247105696,-40.0543246666936,3.54377763575559e-19,4.9246036213647e-18
"Ip6k1",0.524566210045662,730,0.192201921729147,-0.182495805034137,0.545747007620998,0.684939026767416
"Ip6k2",0.387052341597796,363,-0.636764930955724,-10.2216869204834,6.14218409392967e-06,3.02245891777536e-05
"Ip6k3",0.846994535519126,183,2.33880191345176,-48.7886005765758,5.17968976132601e-23,8.33718889161156e-22
"Ipmk",0.464765100671141,298,-0.184782960169426,-0.992908842672591,0.158778864956677,0.2615272985495
"Ipo11",0.47203425229741,798,-0.165317446725931,-1.75203823408617,0.0612179685235436,0.119969344446722
"Ipo5",0.619558991981672,582,0.747233929620033,-13.9531585120969,1.27333375536747e-07,7.83374534007923e-07
"Ipo7",0.468910925539318,958,-0.18685539739219,-2.29435581599796,0.0321831971371787,0.0704086112075436
"Ipo8",0.520161290322581,682,0.127755547198372,-0.213319817910701,0.513642451237901,0.65468441563023
"Ipo9",0.628286014721346,317,0.759508162817294,-9.33247605413905,1.5582049000187e-05,7.27812894149303e-05
"Ipp",0.450310559006211,161,-0.245112497836531,-0.982760098076142,0.160924171819116,0.264217965080702
"Iqgap1",0.555772615276311,947,0.338416217675932,-4.0543673938987,0.00440524631519958,0.012534130253336
"Iqgap2",0.362385321100917,109,-0.880418384247328,-4.40707433383628,0.00298903638028929,0.00886540529584698
"Iqsec1",0.529378531073446,295,0.136634692021845,-0.27731035364792,0.456435797961123,0.598943709856317
"Iqub",0.140151515151515,132,-2.67807190511264,-45.3454991104081,1.67955620226619e-21,2.59153591485303e-20
"Ireb2",0.515857843137255,680,0.0714351380429488,-0.103071878486276,0.649806825351938,0.780652123100449
"Irf2",0.397943349753695,2030,-0.624401636157981,-37.8387902193895,3.33978235180958e-18,4.42142389454554e-17
"Irf2bp2",0.468168812589413,466,-0.129128627192464,-1.36316716508986,0.0987056002734439,0.17760933762784
"Irs1",0.481599285826259,1560,-0.218085865777725,1.01830770852803,1,1
"Irs2",0.493748922115034,661,0.0395283641866375,0.0207052569255666,1,1
"Irx5",0.454545454545455,121,-0.263034405833793,-0.640822658883252,0.257593340317683,0.384350748188375
"Isca1",0.427826449728828,799,-0.399154457672189,-9.43188173399949,1.40394421240455e-05,6.58970178577576e-05
"Isca2",0.536878216123499,583,0.170468287097721,-0.994589390025453,0.158426771605758,0.261075494971237
"Isg20l2",0.492021276595745,188,0,-0.0527860095404833,0.745242769572905,0.862277102115728
"Isoc2a",0.462671568627451,680,-0.241309634679078,-2.36134559296795,0.0297671208339358,0.0655716819945446
"Ist1",0.472426470588235,544,-0.185031893832521,-1.18406417966889,0.123835442766299,0.21350719030244
"Isy1",0.529187396351575,201,0.0733731863302189,-0.115772731887517,0.630380250729505,0.764429721026429
"Itfg1",0.531075373619233,1026,0.0901290682906413,-0.74755938274825,0.221423949799621,0.341576086199737
"Itfg2",0.392932489451477,316,-0.598259323334615,-8.06709538806552,5.90090599401549e-05,0.000251952169413689
"Itga1",0.210594947025265,818,-2.11651400872642,-140.247766674831,5.85613624135258e-63,2.69221825013414e-61
"Itga5",0.589170284611674,691,0.507401517427503,-9.31327699116969,1.58990522718405e-05,7.41587483311974e-05
"Itga7",0.435666666666667,500,-0.488886529166108,-4.49014814151781,0.0027290639354425,0.00818475296456214
"Itga9",0.493447225215876,1193,-0.0856405661048307,-0.0986972211862849,0.656832248231044,0.786662273815823
"Itgb1",0.590254237288136,826,0.519295583072162,-10.6272005392375,4.02185863077433e-06,2.04388067193938e-05
"Itgb3bp",0.617994100294985,113,0.777607578663552,-2.74822749581267,0.0190550651253495,0.0448763498671389
"Itgb5",0.634829592684954,802,0.811927651847428,-24.7600899688691,1.96341678943651e-12,1.83034076259693e-11
"Itgb6",0.51044347268475,1691,0.108510376828129,0.309444976882787,1,1
"Itm2b",0.508489722966935,746,-0.0159415438690211,0.166063117978524,1,1
"Itpr1",0.581074372056515,2240,0.504702928805697,-16.3326407812583,1.09475304707937e-08,7.53639225845818e-08
"Itpr2",0.219352729994793,2967,-2.07443971143522,-622.051603745056,1.58702770148026e-272,4.2608519729342e-270
"Itprid2",0.444826707441386,654,-0.369794406152621,-4.6534718481887,0.00228286985405356,0.00699982752873801
"Itsn1",0.606317600786627,678,0.664673066247309,-12.9870261080426,3.46037169925178e-07,2.02847291226008e-06
"Itsn2",0.501588612323542,1211,-0.0363876802262735,0.125897190400565,1,1
"Ivd",0.578039215686274,850,0.44321279533315,-8.15809730391106,5.3603883669163e-05,0.000230782082865569
"Ivns1abp",0.510482215800287,3702,0.0467767706694474,-0.0827128171440563,0.684209607759158,0.81037848725595
"Iws1",0.519954389965792,877,0.102436292856021,-0.232090153357831,0.495676754229339,0.637108842280223
"Jade1",0.450471698113208,212,-0.37851162325373,-1.17525568108982,0.125241918005744,0.215655144600962
"Jade2",0.433333333333333,80,-0.597901556428655,-0.656158231672691,0.251975675008426,0.377766524604994
"Jak1",0.548304662342722,1493,0.332248900565082,-2.49571949854817,0.0254730170011387,0.0576060950510926
"Jak2",0.479399255715045,627,-0.138575229908582,-0.67026587503733,0.246940214794702,0.371978189612143
"Jam2",0.63768406961178,498,0.787505146198582,-16.1042829192503,1.38478895261496e-08,9.40759458497126e-08
"Jarid2",0.542711287115805,1948,0.268948830097369,-3.1490605448048,0.0120866015079193,0.0303498949948203
"Jdp2",0.567528735632184,116,0.31685710533994,-0.842760344380267,0.194192494993932,0.307700667233068
"Jkamp",0.459369817578773,201,-0.218423519133503,-0.839532832535781,0.195048649910564,0.308693231444626
"Jmjd1c",0.487250672328818,2428,-0.0217721093350871,-1.46204426550321,0.0872664931751327,0.16060671845119
"Jmjd6",0.646643109540636,283,0.772278074852893,-10.8908201765132,3.055096640771e-06,1.59578277454124e-05
"Jmy",0.50478912479585,1487,0.00410439833273646,0.0566388364577506,1,1
"Josd1",0.511469221835075,574,0.125167620079954,0.125817131103986,1,1
"Josd2",0.61878453038674,362,0.65382435886596,-8.96350898573621,2.29539346779485e-05,0.000104520757645532
"Jph1",0.368060615621407,1749,-0.690812633356731,-57.453112294545,8.2508367600051e-27,1.56882765816301e-25
"Jph2",0.462497625310478,3656,-0.234992458116082,-27.3653559387303,1.38229194936185e-13,1.41002181825483e-12
"Jtb",0.44496855345912,212,-0.396517411308046,-1.42570843282681,0.0912934473000995,0.166692496811281
"Jun",0.498098859315589,526,-0.00451548112249345,-0.10103387439915,0.653056970169648,0.783294922047654
"Junb",0.474507735583685,237,-0.101640261875837,-0.535412800124931,0.300759036721564,0.4332892583119
"Jund",0.460024600246002,271,-0.23395717296937,-1.1063211934071,0.136884033050448,0.231979571917249
"Junos",0.491166077738516,283,0.163824801905895,0.669135732048801,1,1
"Jup",0.5,365,0.00715979157286561,-0.0285364317243193,0.811183687990036,0.915377423300122
"Kalrn",0.383994878361076,781,-0.629542011184979,-22.3779011187886,2.23204537908526e-11,1.94817796936544e-10
"Kank1",0.326594863297432,1207,-1.08992058467419,-65.9669262797729,1.54688586055606e-30,3.33848806947019e-29
"Kank2",0.60701871657754,748,0.656267534794289,-13.431536396553,2.18392066306343e-07,1.30413483011404e-06
"Kansl1",0.469337365126586,3117,-0.176648015281955,-8.43337407689978,4.0097926593567e-05,0.000175562480949786
"Kansl1l",0.523095836754242,1856,0.155605330125246,-0.202894029241634,0.524115099532784,0.664876308460414
"Kansl2",0.377257444764649,1388,-0.74247935525995,-39.8635749822458,4.29853166676868e-19,5.94881330873224e-18
"Kansl3",0.507959340237821,869,0.0502343025201366,0.00551285487563291,1,1
"Kat14",0.552057291666667,640,0.251872299546494,-2.52668509619514,0.0245780877492869,0.0558645868517485
"Kat2b",0.518998377939984,1233,0.140904007490327,-0.0619124091299454,0.72492262800358,0.845176425075565
"Kat6a",0.489356178608515,963,-0.0665408560103962,-0.629131450668183,0.261980155940091,0.389115026924075
"Kat6b",0.513895969130429,2751,0.0717215918971791,-0.121111382019535,0.622605306709709,0.757236546833239
"Kat7",0.521940418679549,414,0.0712586831698223,-0.119359870100368,0.625132318711459,0.759450608319734
"Katna1",0.430278884462151,251,-0.439912167917873,-2.82262804823887,0.0175026596429909,0.0418219478546653
"Katnal1",0.534351145038168,393,0.192645077942395,-0.592671447524822,0.27627096633018,0.405495457250856
"Katnbl1",0.509293680297398,269,0.133855746734791,0.108871506880064,1,1
"Katnip",0.519230769230769,260,0.108376161044792,-0.0818852955565603,0.685708486420889,0.811724049533863
"Kbtbd12",0.624164419817563,2243,0.681338561946184,-50.930764433353,5.95417146512964e-24,1.0143248445165e-22
"Kbtbd2",0.52020202020202,198,0.0534392589614603,-0.0283740151206189,0.811711667418179,0.915611334938939
"Kbtbd3",0.479758828596038,387,-0.0878727560253347,-0.535114199256839,0.300893861693807,0.43339047203623
"Kcmf1",0.482265117441279,1334,-0.103258759593631,-1.41287113161479,0.0927639970781795,0.168597873920591
"Kcnb1",0.519774011299435,472,0.0958600154075162,-0.161744750081141,0.569518091125696,0.708021009008274
"Kcnd2",0.65193565527562,3465,0.65467263223988,-249.758229171764,1.21109803749856e-110,1.00356667008523e-108
"Kcnd3",0.488099946273233,2291,-0.0728254661106986,-1.66800328761701,0.0677789228896205,0.130878058237955
"Kcng2",0.489979056227732,2831,-0.030855963167372,-1.49354013422271,0.0839313749388861,0.15587918887377
"Kcnip2",0.379557748538012,1520,-0.718289669405783,-42.2663932084761,3.7789599901337e-20,5.47826770059986e-19
"Kcnip4",0.227882879295547,959,-1.09505335234899,-135.185467863535,9.42031944559436e-61,4.21527894125529e-59
"Kcnj2",0.560702875399361,313,0.272372270413131,-1.70107782004465,0.0651112771645203,0.126235381955015
"Kcnj3",0.560156405365027,3276,0.348851892049324,-27.7323294947155,9.51544564450977e-14,9.79565508680208e-13
"Kcnj5",0.396247240618102,302,-0.581448016544919,-7.32235074422545,0.00012979902258195,0.000524798783445324
"Kcnk3",0.557602710715798,787,0.307624556857864,-3.7625308449467,0.00608464710252137,0.0164829739847479
"Kcnn2",0.653036530934189,2477,0.926373751206421,-102.798978451781,1.25404845850663e-46,4.251097602776e-45
"Kcnq1",0.462903478858668,2120,-0.161015079071855,-7.61926231902544,9.47507063878791e-05,0.000390642961471403
"Kcnq1ot1",0.292191539594736,1627,-1.34900762894365,-142.147541440166,8.70258173822153e-64,4.14267578914488e-62
"Kcnq5",0.0674301994301994,975,-3.8539634624815,-890.50339832902,0,0
"Kcnt2",0.521057118499574,391,0.0733731863302189,-0.0907030242524911,0.670167678889403,0.798396425400368
"Kcnv2",0.982035928143713,167,5.96193195916648,-113.973068471823,1.67210839431194e-51,6.48739395527268e-50
"Kctd1",0.506875687568757,606,0.0237812259560415,0.0103794928533034,1,1
"Kctd14",0.251367763671474,305,-1.9088521119418,-28.2758392677301,5.47406380703166e-14,5.71413938923741e-13
"Kctd16",0.733201848865749,241,1.12199052437861,-21.8305764944445,3.90445640935974e-11,3.33418720351432e-10
"Kctd18",0.414473684210526,228,-0.501659854026594,-3.7868694700129,0.00592248007790779,0.0161133710105055
"Kctd3",0.541891891891892,370,0.218046951060484,-0.895399391248418,0.180828869533121,0.290851515050637
"Kctd8",0.390378421900161,414,-0.718736352922908,-10.3266008848313,5.50450600696668e-06,2.73069063701111e-05
"Kctd9",0.482582755966128,866,-0.0650950282218852,-0.891584627842803,0.181760641180126,0.292049500948793
"Kdelr1",0.5260663507109,211,0.246437895303099,-0.0421452958323414,0.771564998430532,0.883756287242803
"Kdelr2",0.5,110,0.0715532610250333,0.0250658614417034,1,1
"Kdm1a",0.463353413654618,664,-0.218953337369677,-2.39222962246401,0.0287176632131193,0.0636715332133461
"Kdm2a",0.505669462566014,1073,0.0466109422915895,0.0254368431353669,1,1
"Kdm2b",0.499540863177227,363,0,-0.0296893873595536,0.807480519965942,0.912425799665219
"Kdm3a",0.53219696969697,836,0.146363500670163,-1.00242241995534,0.156797336819799,0.258835151189004
"Kdm3b",0.519707467282525,866,0.0915449418768262,-0.276499518222636,0.45709487216734,0.599599177461824
"Kdm4a",0.52037037037037,405,0.110282055014911,-0.162849145931887,0.568203136488312,0.706910000391019
"Kdm4b",0.532222222222222,300,0.216811389073148,-0.346894793225289,0.404878385156503,0.545581955665619
"Kdm4c",0.479202650833633,1588,-0.0592701120866681,-1.98374021055224,0.0463871326811849,0.0956529752860562
"Kdm5a",0.52173285198556,1385,0.169380279879908,0.150488537474303,1,1
"Kdm5b",0.487089201877934,710,-0.086208141903922,-0.448226847727369,0.3437343888314,0.479755711756365
"Kdm6b",0.474494283201407,379,-0.222392421336449,-0.355672799893398,0.398997467001428,0.539607293675919
"Kdm7a",0.411776859504132,968,-0.509252840896495,-16.2297442964016,1.21703272865946e-08,8.30999356537363e-08
"Kdsr",0.551750380517504,219,0.332983283396358,-0.804503591930768,0.204631417612554,0.320159924246029
"Keap1",0.516908212560386,276,0.0880561766651962,-0.0702511169594118,0.707782233486398,0.82951533982202
"Khdc4",0.492840375586854,1278,-0.00507098954742213,-0.397313128709129,0.372704902494317,0.511573682114899
"Khdrbs1",0.536317235963879,849,0.158939140655427,-1.22703925478208,0.117219942096521,0.204252401700895
"Khdrbs3",0.651792768155576,1097,1.02788544784657,-36.9181024565826,8.48754970447787e-18,1.10618317701855e-16
"Khsrp",0.496784565916399,311,-0.0585521823551129,-0.0251321576306509,0.822603982226917,0.92453440071961
"Kidins220",0.557364347836184,2734,0.3182439587556,-9.9883482369778,7.83917437470262e-06,3.81555753466309e-05
"Kif13a",0.532863929058331,2608,0.166716811673247,-2.97849758370876,0.0146590037974644,0.0359617081464112
"Kif13b",0.486905916585839,1031,-0.0925266150315514,-0.719037036403961,0.230451251728065,0.352078522485345
"Kif16b",0.610505421224333,2316,0.680547526710177,-35.9782267454821,2.19999103522487e-17,2.8180037840514e-16
"Kif1b",0.3972224631355,3562,-0.641880328976014,-135.373372622494,7.80117821727966e-61,3.51419518083095e-59
"Kif1c",0.502234137622878,746,0.0395283641866375,0.0060468420771258,1,1
"Kif21a",0.500701682675932,1398,-0.0321912857612228,0.0677217511124582,1,1
"Kif26b",0.436948632049135,597,-0.374283499948499,-4.99809484784203,0.0015686445525959,0.00499308733785437
"Kif2a",0.562554680664917,381,0.438496472102832,-2.16688539215971,0.0373633855251484,0.0798286145453239
"Kif3a",0.55050505050505,429,0.246160587269397,-1.55863916083507,0.0774660722777161,0.146110503520511
"Kif3b",0.514044943820225,267,0.115477217419937,0.00344370464324584,1,1
"Kif5b",0.413421383908873,2377,-0.473357126741167,-36.3098516590835,1.57201735924017e-17,2.02133726345211e-16
"Kif6",0.495867768595041,121,0,-0.0226791843512331,0.831346429348628,0.932060489934263
"Kifap3",0.537055667337357,497,0.123871658162169,-0.716347465181627,0.231325127510736,0.353159280800815
"Kifbp",0.566548881036514,283,0.326103770858555,-1.99059011297908,0.0460113134153818,0.0950824925012446
"Kifc3",0.521164021164021,189,0.113210610447991,-0.0819473880930559,0.685595713875346,0.811724049533863
"Kitl",0.880626780626781,351,3.17326071400557,-172.44548540609,5.49194507674626e-77,3.07182794626007e-75
"Kiz",0.44510582010582,1260,-0.260921008932639,-8.35780808391451,4.34221000015276e-05,0.000189129873595233
"Klc1",0.478713110788582,689,-0.121368181264111,-1.00166078734526,0.156954933333971,0.259031598853606
"Klf12",0.549720039980744,2359,0.306051756100311,-6.95257697920306,0.000192270512885139,0.000755573584593121
"Klf13",0.54822256568779,647,0.259595321867023,-2.11068818970637,0.039917768136744,0.0844399810065635
"Klf15",0.476269315673289,755,-0.134377422763215,-1.26443588963718,0.111780113621177,0.197024191865898
"Klf3",0.546728971962617,214,0.346922474354232,-0.612709992042653,0.268299594656438,0.396221535607043
"Klf4",0.6,90,0.664815808410371,-1.50776744390176,0.0824702435941015,0.15363315986778
"Klf6",0.376280535855004,423,-0.770518153877232,-11.8286540527674,1.15107944557928e-06,6.40103168080209e-06
"Klf7",0.530927835051546,582,0.153805336079035,-0.64487244572399,0.256094969232665,0.382338929725019
"Klf9",0.477838827838828,546,-0.123539034410162,-0.849712448093896,0.192363205320272,0.30532107937814
"Klhdc1",0.482605177993528,618,-0.0577925751925359,-0.638988929956213,0.258275356831141,0.384712674856816
"Klhdc10",0.507254697286013,958,0.0702750142713633,0.0501151171549736,1,1
"Klhl12",0.541750167000668,499,0.273018494406416,-1.16228846368602,0.127344839200003,0.218659135510468
"Klhl18",0.488962472406181,302,-0.0789513413948217,-0.189833173871648,0.537781855480686,0.677348811031406
"Klhl2",0.444444444444444,252,-0.381306641966294,-1.84507074413364,0.0547349729541296,0.109339624544083
"Klhl22",0.610824742268041,194,0.636187824076329,-4.15678060557377,0.00393501621993786,0.0113355488704819
"Klhl24",0.488419985425973,1503,-0.0404947782280596,-0.896497516347608,0.180561673524363,0.290630684099646
"Klhl26",0.608225108225108,231,0.604458676346954,-4.67877789544764,0.00222068088071816,0.00682785619394426
"Klhl28",0.554647785039942,459,0.255761170921616,-1.97975797231805,0.0466071038483618,0.0959886103191789
"Klhl3",0.764416315049226,237,1.60768257722124,-32.1769305159023,1.03964454619296e-15,1.22422705158722e-14
"Klhl31",0.450959923206144,1389,-0.239925582018514,-7.29784879069757,0.000133218349571919,0.00053638965946414
"Klhl32",0.931506849315068,219,3.67093572383101,-110.049612333532,8.60478815839766e-50,3.22655520218799e-48
"Klhl33",0.593617819620685,698,0.543343411519417,-8.94921112660904,2.330142018983e-05,0.000105889730747555
"Klhl38",0.667469234884965,623,1.05380644369579,-30.7258295611051,4.53747814736069e-15,5.15322391287394e-14
"Klhl40",0.472222222222222,75,-0.200298650485832,-0.230916388028405,0.496768666292031,0.638023591303504
"Klhl41",0.382064590542099,289,-0.485426827170242,-8.23368671044267,4.94945219562485e-05,0.000213775567162381
"Klhl5",0.496357012750455,183,-0.0690416444296513,0.00249109414735926,1,1
"Klhl7",0.45461592670895,1419,-0.237751041713026,-7.23009689712262,0.00014315298075907,0.000571250182434528
"Klhl8",0.39568345323741,278,-0.623851514114751,-6.75383199170105,0.000237591117596546,0.000913874831695138
"Klhl9",0.556277056277056,231,0.371367027621867,-1.07215032088743,0.143100233271889,0.240905133112847
"Kmo",0.575193798449612,129,0.375039431346925,-1.24617378796425,0.114400968469432,0.200642618334681
"Kmt2a",0.510069965017491,1334,0.085794020889721,0.0835683348132079,1,1
"Kmt2c",0.536391829029866,2119,0.211421303515445,-1.7471969105045,0.061576947588347,0.120567232267499
"Kmt2d",0.522012578616352,159,0.118181426348314,-0.071722008946324,0.70488091692843,0.82727062675706
"Kmt2e",0.479579519830216,1795,-0.119189355210032,-2.21441286330901,0.035336811587366,0.0762148712642675
"Kmt5a",0.46950450982709,1209,-0.200745576713512,-3.31020160514163,0.0100817006850116,0.0258374856807169
"Kmt5b",0.479462875197472,422,-0.0966181901686198,-0.661453649963619,0.250070947073656,0.375666113867139
"Knop1",0.443349753694581,203,-0.306977753421391,-1.5950617711334,0.074084412669825,0.140985136898176
"Kpna1",0.519709543568465,964,0.196142522178623,0.337530019747419,1,1
"Kpna2",0.225325884543762,358,-1.80961797356617,-58.1967993465377,3.89737661788166e-27,7.51700915494876e-26
"Kpna3",0.479362880886427,1083,-0.0842239079269453,-1.4697276084828,0.0864398821547711,0.159478968945251
"Kpna4",0.489751635478473,1252,-0.00173296722445571,-0.452955448653938,0.341201711013322,0.477014347911147
"Kpna6",0.447183098591549,426,-0.353336799606671,-2.77071663572974,0.018571366572591,0.0439841257710766
"Kpnb1",0.497037037037037,225,-0.0236512680646452,-0.0313002786354843,0.802431885887581,0.908374528995063
"Kras",0.498704663212435,386,0.0134832293636222,-0.035099323324232,0.791047770257251,0.898997995803168
"Krba1",0.454337231968811,684,-0.303111845209129,-3.3329600626563,0.00982739030985363,0.0252242614759991
"Krcc1",0.470376616076447,593,-0.162271428898877,-1.52058996508254,0.0811768926655154,0.151813681685968
"Kremen1",0.627366013710983,1461,0.811199718792322,-32.3622711202399,8.61353144312824e-16,1.02144917042892e-14
"Kri1",0.515151515151515,264,0.104588901277199,-0.0344467230961243,0.792954786259194,0.900865356359464
"Krit1",0.523763529880722,1553,0.123773854658199,-0.787513935220886,0.209478344818524,0.326829067973486
"Krr1",0.56221198156682,217,0.389566811762726,-1.33278517017195,0.102541061722888,0.183388117848128
"Krt222",0.337777777777778,225,-0.991488500144483,-12.6466990238144,4.92391197218613e-07,2.84662335549641e-06
"Ktn1",0.552907410794735,3195,0.301490239176673,-13.92557055617,1.31016774949232e-07,8.04560469770584e-07
"Kxd1",0.6,185,0.556393348524385,-3.20605272696935,0.0113344938260952,0.0286650800907125
"Kyat1",0.556818181818182,176,0.406625259462644,-0.799681012776915,0.205993644440905,0.322066000812335
"Kyat3",0.432975871313673,373,-0.300013318458922,-3.78722976833518,0.00592011283918357,0.0161133710105055
"L2hgdh",0.412280701754386,304,-0.412598453827426,-5.14285161845459,0.00134064914500073,0.0043324203472532
"L3mbtl3",0.413558663558664,429,-0.580543829454151,-6.53882055752052,0.000298841554208162,0.00112686770328381
"Lactb",0.495454545454545,110,0,-0.0214052908499269,0.836082347960428,0.936389908144567
"Lactb2",0.405148709315376,1188,-0.581886390726569,-21.1482396838269,7.84336263958788e-11,6.53159429738386e-10
"Lama2",0.333038216941209,4685,-1.19663244760606,-859.251169539451,0,0
"Lamb1",0.491512345679012,432,-0.0975553094226731,-0.106188183604331,0.644911173678718,0.777554122100154
"Lamb3",0.640350877192982,171,0.813586875769118,-6.19478192547278,0.000431740087992822,0.00156386371862268
"Lamc1",0.522429541392796,1143,0.200932843157369,0.0901896198852228,1,1
"Lamc2",0.601769911504425,113,0.707218250772154,-1.81857872756747,0.0565033269940346,0.112171053174789
"Lamp1",0.416223404255319,376,-0.497156119752349,-5.99325100754857,0.000535872825546631,0.00189603500530785
"Lamtor3",0.482253086419753,432,-0.13632147121278,-0.436786826446621,0.349967866637775,0.487002175440199
"Lancl1",0.458982346832814,321,-0.321928094887362,-1.34846527194486,0.100541643082544,0.180340862739187
"Laptm4a",0.454237288135593,295,-0.297680548640685,-1.51957711025386,0.0812782545516015,0.151960903774471
"Laptm4b",0.658088235294118,136,0.970853654340484,-5.99220053422835,0.000536477317018024,0.00189717373647259
"Larp1b",0.544195742813254,1519,0.231585411561144,-3.01690916142752,0.0140343423809657,0.0346318036989125
"Larp4",0.530769104892816,1455,0.166732267534661,-0.959677315705449,0.165927822834585,0.270843275015986
"Larp4b",0.487252596511856,1701,-0.0821219259992096,-1.13681751705099,0.131590934597691,0.224653191469602
"Larp7",0.65828677839851,179,1.03342300153745,-8.2182834188612,5.03053888756189e-05,0.000217106371090102
"Lars1",0.502397743300423,709,0.0415192694382669,0.00908289035430698,1,1
"Lars2",0.613259668508287,543,0.678071905112637,-11.997388560921,9.65973813799078e-07,5.4301643536176e-06
"Lats1",0.470488519032208,927,-0.20080360132956,-1.80347046321003,0.0575388668819685,0.113923561802883
"Lats2",0.522235673930589,1180,0.0861852462346904,-0.436701970589638,0.35001467436286,0.487002175440199
"Lbh",0.510973181093999,1076,-0.0288548626721856,0.507070318938077,1,1
"Lclat1",0.458384524831893,1976,-0.253294023193401,-7.72882803115999,8.43744580179567e-05,0.000351098178683525
"Lcmt1",0.358506944444444,192,-0.917537839808027,-8.12213880273484,5.56775051223204e-05,0.000238790680115664
"Lcor",0.513636363636364,495,0.00518023910568033,0.110764423043861,1,1
"Lcorl",0.55700871898055,497,0.401362562381768,-2.09326704583168,0.0407463195146954,0.0858948795799734
"Lcp1",0.655773420479303,153,0.933910809542227,-6.44751635177235,0.000329455339904593,0.00123123844178153
"Ldah",0.548133595284872,509,0.256716682077315,-1.70873175676149,0.0645100604040598,0.125286899719922
"Ldb1",0.482832618025751,233,-0.106041637410325,-0.254234980696168,0.475801949237943,0.617347560490623
"Ldb2",0.452683615819209,118,-0.189824558880018,-0.597643458790856,0.274265710545891,0.403177936052426
"Ldb3",0.503056999229264,4402,0.0520583419882872,-0.0888075279162877,0.673430886016103,0.801644967489662
"Ldha",0.535866492715808,511,0.207442079870477,-0.912063967515337,0.176822702017392,0.286121980699309
"Ldhb",0.520453624949372,823,0.1426043954428,-0.274281727140988,0.458905260687127,0.601478638885374
"Ldlrad3",0.372937293729373,101,-0.750021746991653,-3.38125515949864,0.00930927103458693,0.0240322412246721
"Ldlrad4",0.569386046380727,1128,0.375509135092206,-7.57398939876839,9.94046698053069e-05,0.000407328537077668
"Ldlrap1",0.522151898734177,158,0.167944637314071,-0.0595186860650188,0.730080891135859,0.848986569649611
"Lekr1",0.778345498783455,411,1.70758178738511,-62.899260797431,3.40340921744568e-29,6.90141470317083e-28
"Lemd2",0.510532837670384,269,0.0796171680633684,-0.00561865188399224,0.915577472950271,1
"Lemd3",0.504384653712008,669,0.0529812916861716,0.0342225107914373,1,1
"Leng8",0.570359281437126,668,0.370111628397327,-5.16928832441306,0.00130278434016363,0.00421818065179849
"Leng9",0.610671936758893,253,0.621488376746271,-5.48359840891513,0.000927389399812007,0.00310146370280926
"Leprotl1",0.472972972972973,111,-0.258734268400168,-0.165258992385759,0.565354238954591,0.703965356470302
"Letm1",0.459487179487179,325,-0.238938730216331,-1.45546134301503,0.0879815264586413,0.161745276798247
"Letm2",0.463842147435897,832,-0.22195291027718,-2.61031019464644,0.0223205867165543,0.0513883082310758
"Lgals4",0.477837051406402,1031,-0.165308373371943,-1.26583514535378,0.111582046524648,0.196926670504781
"Lgals8",0.486639946559786,499,-0.0884089742217649,-0.404978390459064,0.368133028735588,0.506957096609206
"Lgmn",0.513550135501355,369,-0.0410272682600556,0.276284009427911,1,1
"Lgr4",0.495110024449878,409,0.0889005045889304,0.28295302524748,1,1
"Lgr6",0.74548969072165,388,1.52509104474376,-43.437532319793,1.15597682061123e-20,1.71657442919084e-19
"Lhfpl6",0.398703648712723,2593,-0.648417611803489,-52.2107025784612,1.63554078633246e-24,2.84397662120815e-23
"Lhpp",0.620925341745531,317,0.659294698082009,-8.13597606288204,5.48701693096453e-05,0.000235931182835579
"Lias",0.537489812550937,409,0.251538766995965,-0.747914453893088,0.221314269652826,0.341523097483991
"Lifr",0.592063099685051,1517,0.702335506903888,-10.6850743879143,3.7862058780508e-06,1.94140671149556e-05
"Lig3",0.601990049751244,201,0.568283759574526,-3.58584920737377,0.00740626232302577,0.0196020633722985
"Lima1",0.573493975903615,249,0.487115177323012,-1.90150776051178,0.0511603665695999,0.103711380373046
"Limch1",0.475455187752666,4476,-0.177749267715579,-38.309362019625,2.0736423532738e-18,2.77256722613023e-17
"Limd1",0.54461243100552,1389,0.286304185156641,-2.75417864547308,0.0189258143261555,0.0446502867336224
"Limk2",0.591042584434655,227,0.53605290024021,-3.12121831929747,0.0124724762896924,0.0311904846707955
"Lims1",0.4608666466849,2542,-0.210000386669447,-9.84134869674426,9.14254336763848e-06,4.41155651212002e-05
"Lims2",0.32719836400818,163,-1.13750352374993,-10.0685019965265,7.20883909873034e-06,3.52152314633756e-05
"Lin28b",0.936363636363636,55,3.95419631038687,-29.9324019057676,1.01602243910528e-14,1.12533706456677e-13
"Lin52",0.492408189329372,1827,-0.0557094325862875,-0.706737948998125,0.234480230381504,0.356796940902439
"Lin54",0.540650406504065,123,0.212544635380101,-0.279081273749313,0.455001528868078,0.597762822815137
"Lins1",0.489583333333333,112,-0.186413124230882,0.0740184532022141,1,1
"Lipe",0.640740740740741,135,0.826668397114438,-4.75089625106183,0.00205271268447354,0.00636594743570978
"Lman2l",0.512741046831956,484,0.139033693638004,0.119742523505863,1,1
"Lmbr1",0.508547008547009,507,0.08775850577456,0.0391716041339123,1,1
"Lmbrd1",0.509541209906618,821,0.0689866101913075,0.022841458280368,1,1
"Lmbrd2",0.535833333333333,200,0.238786859587117,-0.294074192690175,0.443136021119196,0.585497829478749
"Lmcd1",0.534552089034848,435,0.0788143831768284,-0.289598062029768,0.446627587234403,0.588951741751928
"Lmf1",0.507166666666667,500,0.0921182019884315,0.107623946119418,1,1
"Lmln",0.5,167,-0.120294233717711,0.132436024782919,1,1
"Lmo7",0.502503829746331,4602,0.00927147060758249,-0.737238099643946,0.224640776106043,0.344952845853068
"Lmod2",0.520284101723247,3826,0.114415077526132,-3.13068810352161,0.0123398309652195,0.0308817842798484
"Lmod3",0.648611111111111,384,0.929838928582599,-14.2976800068784,8.91956618944231e-08,5.57950869184872e-07
"Lmtk2",0.49052217453505,466,-0.0737303885333729,-0.222661768145201,0.504564139481351,0.646057707783065
"Lncbate10",0.615384615384615,143,0.916342070953091,-2.78765781642923,0.0182153815501866,0.0432172643919592
"Lncpint",0.450486747198963,4630,-0.297464637459574,-101.11443692103,6.81482750311424e-46,2.253257251276e-44
"Lncppara",0.544562647754137,705,0.299560281858908,-1.52134681949656,0.0811012391423338,0.151773074440601
"Lnpep",0.477632894838064,2476,-0.0962587071938854,-3.73620229552307,0.0062651816787166,0.016895098203112
"Lnpk",0.482363315696649,567,-0.130060540564372,-0.660062791552036,0.250569513691554,0.376162508588171
"Lnx1",0.52984126984127,480,0.171902650882755,-0.441338453651269,0.347469542917272,0.484163498455621
"Lnx2",0.600449072000796,1189,0.547160468008772,-15.8117961963544,1.87142167885134e-08,1.25735558643145e-07
"Lonp2",0.585266028605905,1783,0.555505262906382,-15.9391552886268,1.64139777688235e-08,1.10835632579822e-07
"Lonrf1",0.385623409669211,655,-0.659274309658512,-17.7275338826156,2.61002426139922e-09,1.92934833067308e-08
"Lonrf2",0.473372781065089,169,-0.104697378666692,-0.338661260328109,0.410510231955508,0.550848595938698
"Lpcat3",0.46654501216545,274,-0.173148902316599,-0.808209065300559,0.203591952303288,0.318830887508089
"Lpgat1",0.524683281412253,1605,0.148038281493429,-0.530649507195449,0.302919096814947,0.435186853129693
"Lpin1",0.542791691874091,2545,0.194286058260613,-5.7686703217696,0.000682121431902324,0.00236121663276349
"Lpl",0.432905553880277,3804,-0.380460896743676,-71.2642365419179,7.45296652033832e-33,1.71316134535996e-31
"Lpp",0.51705279156975,3213,0.0986937601898091,-0.362154830077088,0.394733890682972,0.534811036387587
"Lrba",0.473300277318134,2072,-0.145430439521564,-4.01479334094893,0.00460193396337278,0.0129782272109908
"Lrch1",0.636319036747119,2044,0.835099912540508,-54.1265202136424,2.36563532097069e-25,4.18948397740245e-24
"Lrch3",0.485170857511283,1551,-0.063600162228759,-1.476545522994,0.0857134722930745,0.158487279898379
"Lrig1",0.451103486741785,987,-0.247232549710901,-5.6309690749124,0.000791125650740922,0.00268454770868204
"Lrig2",0.528880866425993,277,0.106915203916512,-0.217606457846529,0.509442073237913,0.65081370300207
"Lrp12",0.435788479697828,353,-0.388452713687883,-3.39303741395901,0.00918716954535649,0.0237444289520342
"Lrp1b",0.5,107,-0.0715532610250333,0.0250220311101685,1,1
"Lrp5",0.436860068259386,293,-0.422691071822279,-2.69294721537204,0.0203001791179888,0.0473106952222017
"Lrp6",0.469543573829842,1289,-0.156073756262276,-3.20009040708419,0.0114108741682725,0.0288473775583598
"Lrpap1",0.637777777777778,225,0.759736901824865,-7.74774536245297,8.27023100432046e-05,0.000344781307459621
"Lrpprc",0.573463265306122,1750,0.475691032636407,-10.3245427819106,5.51635267752255e-06,2.73454646761679e-05
"Lrrc1",0.545006485084306,514,0.243809838568896,-1.41089726598796,0.0929923832154721,0.168967210650311
"Lrrc10",0.397671549047044,2080,-0.91850941113468,-24.4918446832348,2.58099862253189e-12,2.38289721519037e-11
"Lrrc14b",0.521107784431138,668,0.124573870413018,-0.273877131486643,0.459236755636861,0.601678138558386
"Lrrc2",0.575370328322755,3612,0.480610815885035,-49.707646683024,2.04735462763851e-23,3.34351441866415e-22
"Lrrc20",0.537738530247665,821,0.212585383146436,-1.42284980194847,0.0916187063101262,0.167174608227681
"Lrrc28",0.464532871972318,578,-0.253903394081665,-1.82656432287808,0.0559639910533665,0.111449979737908
"Lrrc39",0.473958333333333,1440,-0.148981741469813,-2.59150384213262,0.0228088085834241,0.0522587750514927
"Lrrc3b",0.580159745923398,1172,0.542281592632655,-9.78336088826518,9.71466862174853e-06,4.66749146665541e-05
"Lrrc4",0.539993306559572,498,0.259316117587684,-0.96993057023667,0.163683612045884,0.267877282483455
"Lrrc41",0.505116959064328,228,0.023846741954368,-0.00182122909566829,0.951874665252076,1
"Lrrc69",0.872319688109162,171,2.6338721012021,-58.8176165351178,2.08395594782364e-27,4.03098337803813e-26
"Lrrc8a",0.449510703363914,545,-0.330033144524418,-3.19568299293064,0.0114676748213181,0.0289800577562829
"Lrrc8d",0.45935490901166,437,-0.265096872290686,-1.78406767632362,0.0588984134910228,0.116067572328757
"Lrrcc1",0.50362282602656,857,-0.0396427049864507,0.382642570085409,1,1
"Lrrfip1",0.555861153100901,2853,0.312499337566406,-12.5627007193702,5.37205446876726e-07,3.08445077796115e-06
"Lrrfip2",0.564390318754224,3042,0.363665104136246,-18.516363059372,1.16163118848294e-09,8.83998700351189e-09
"Lrrk1",0.576732673267327,202,0.525628361338754,-1.85792684224327,0.0538980565576848,0.10805131900699
"Lrrk2",0.516243880729862,749,0.0221713809986204,0.083038978346508,1,1
"Lrrn2",0.453947368421053,76,-0.251538766995964,-0.412426683136779,0.363764966252918,0.502281516866815
"Lrtm1",0.347989621327814,1715,-0.860047078308747,-64.6221305344866,5.99655901153695e-30,1.26172113120489e-28
"Lsamp",0.71560801657889,206,1.06246408694665,-16.3042338309347,1.1272257660986e-08,7.75198703079281e-08
"Lsg1",0.540682414698163,254,0.206450877467427,-0.586172346867329,0.278919992371395,0.407978165941258
"Lsm1",0.587136929460581,241,0.457206953522784,-2.99547135442182,0.0143795156227371,0.0353924858305138
"Lsm12",0.456647398843931,173,-0.308122295362331,-0.786633506214855,0.209733197950261,0.327150644815746
"Lsm14a",0.488775012201074,683,-0.0358007214278464,-0.326777771214438,0.418844341415038,0.560016577605127
"Lsm7",0.467224546722455,239,-0.212050477114989,-0.733413369016063,0.225847031081453,0.346408883139559
"Lsmem1",0.773363095238095,560,1.85158889321798,-77.3627420722913,1.6076231369097e-35,4.04133576589434e-34
"Lsmem2",0.451704545454545,176,-0.215267986903067,-0.993459546813,0.158663388325564,0.261401242621794
"Ltbp1",0.548711755233494,828,0.235470766226761,-2.69750765019944,0.0201943483953937,0.0471295084943959
"Ltn1",0.519880715705765,503,0.0998985700541208,-0.173225976532194,0.55612849790256,0.69435314228218
"Luc7l",0.448927993527508,824,-0.309798873169716,-4.98290612651431,0.00159473806482868,0.00506572735027454
"Luc7l2",0.521626204717431,4295,0.103725477835297,-2.70497760158196,0.0200222298122481,0.0467766120779008
"Luc7l3",0.546206225680934,1028,0.280563291401542,-2.85210657120183,0.0169242403526461,0.0407152334218496
"Luzp1",0.514329643296433,813,0.0604646412638945,-0.0695433068692637,0.709190735407655,0.830479630794822
"Ly96",0.511627906976744,172,0.12417941122073,0.0271608692436303,1,1
"Lyn",0.592380952380952,175,0.584962500721156,-1.84223070194469,0.0549217069767802,0.109614777647383
"Lynx1",0.370212765957447,235,-0.752562449217224,-8.52498897187792,3.64087979172959e-05,0.000160456895351865
"Lypla1",0.479054054054054,592,-0.18212855112272,-0.695318494820867,0.23829755679686,0.361785388197359
"Lyrm1",0.590062111801242,322,0.555618539139012,-4.42097435580985,0.00294384649953031,0.00875458471637016
"Lyrm4",0.11882964453387,994,-3.01885902725132,-493.958732568659,7.59607752135936e-217,1.54499613101103e-214
"Lyrm7",0.605493133583021,267,0.690671941892271,-4.94636431726977,0.00165933137205854,0.00524608203921664
"Lyrm9",0.270992366412214,131,-1.45251220469751,-14.6656404167042,6.10029577507586e-08,3.88106021254116e-07
"Lysmd3",0.540858725761773,361,0.219117289303587,-0.846912365524361,0.193097551858968,0.306291121575349
"Lzic",0.447368421052632,456,-0.354746720085491,-2.98628745670646,0.01453004885721,0.0356975431660299
"Lztfl1",0.453333333333333,780,-0.249307422722282,-4.23987403737794,0.00359121831077147,0.0104619172317266
"Lzts2",0.482876712328767,292,-0.0749620576812218,-0.307833286113748,0.432662188104578,0.574486371228076
"Macf1",0.492016900155659,1499,-0.0402638702137272,-0.527378182685879,0.304414190671818,0.436814319012043
"Maco1",0.555875190258752,1095,0.313607498053574,-4.8035775078049,0.00193820686234932,0.00603677237127084
"Macrod1",0.533099748695148,1478,0.156260251954389,-1.3014172141834,0.106672782406604,0.189665620003477
"Macroh2a1",0.506930006930007,481,0.0765244921599937,0.0536426167103627,1,1
"Mad1l1",0.558232931726908,415,0.345891338238077,-2.21586852096789,0.0352765888713495,0.0761339114162373
"Maea",0.410377358490566,212,-0.485426827170242,-3.81852544025091,0.00571813314343232,0.0156589594690811
"Maf",0.585227272727273,88,0.283792966000592,-0.825361618673,0.198860523209679,0.313174995725802
"Mafb",0.436274509803922,204,-0.450984195685235,-1.85438960145109,0.0541269657937913,0.10841545640344
"Maff",0.418010752688172,124,-0.488747185461853,-1.56986102168293,0.076406828066224,0.144544145992248
"Mafk",0.436953807740325,267,-0.403632736006594,-2.51527216191411,0.0249040702302102,0.0564144851114312
"Magi1",0.278610246458724,3386,-1.57530860520473,-557.806697723113,1.33482395634116e-244,2.98644613165396e-242
"Magi3",0.414317042606516,532,-0.449232419162441,-8.55230668342858,3.53762685383865e-05,0.000156214154230033
"Magoh",0.611111111111111,123,0.702614089375428,-2.51654799399412,0.0248674074660528,0.0563694829152808
"Maip1",0.496031746031746,168,-0.110423989693651,0.064500350309288,1,1
"Malat1",0.460375831046703,5817,-0.255004127921034,-62.9973439406058,3.08307455672884e-29,6.28984693761823e-28
"Malsu1",0.485792349726776,305,-0.109411216720582,-0.254673317926631,0.475421829274484,0.617232273672351
"Malt1",0.218714120983165,1851,-2.00998408857262,-250.330344593299,6.82681056487411e-111,5.72769406392938e-109
"Maml1",0.511148272017837,598,0.118086069922695,0.140404532231287,1,1
"Maml3",0.486121286121286,1053,-0.0981556442748714,-0.623814749835901,0.264005713403416,0.391261920115699
"Man1a",0.366292379606161,3135,-0.88433875361867,-195.635741527391,4.37597671207806e-87,2.87956428347725e-85
"Man1a2",0.439790153349475,1239,-0.341772906284234,-9.43628508791335,1.39747742141786e-05,6.57313836899558e-05
"Man1b1",0.509700176366843,189,0.0143552929770703,0.0176239539266021,1,1
"Man1c1",0.618690851735016,634,0.734018310115869,-14.6671605563691,6.09073242554613e-08,3.87865237573678e-07
"Man2a1",0.706899316431837,1845,1.52262915895504,-107.047164769749,1.75646360659067e-48,6.37263985266843e-47
"Man2a2",0.529424977538185,371,0.149848208741376,-0.360428275942297,0.395863088279111,0.536016350318618
"Man2b1",0.576530612244898,196,0.438884241233212,-1.89642622119317,0.051471861921982,0.104059981090465
"Man2c1os",0.573488372093023,215,0.54432051622381,-1.56672295294516,0.0767014559485789,0.144961731445235
"Manba",0.697026022304833,1076,1.21005576149122,-68.4084336424896,1.32235094935229e-31,2.9389468781631e-30
"Manbal",0.503159557661927,211,0.0709665213541433,0.0403893239742388,1,1
"Manea",0.478282828282828,495,-0.198981034726396,-0.684813985409619,0.241875813740408,0.365564166139522
"Manf",0.444444444444444,135,-0.317482189856171,-1.01084559353399,0.155066353311372,0.256672099488514
"Map1lc3a",0.548342541436464,181,0.26573355543475,-0.557746955243459,0.29089080466708,0.422518736404553
"Map2k1",0.515311653116531,615,0.0195755383367606,0.0799898922535931,1,1
"Map2k2",0.611661166116612,303,0.720716242521132,-6.52116856686024,0.000304527835485792,0.00114702066878823
"Map2k3",0.493412990196078,544,0.0311225174957803,-0.0267666121724233,0.817025443200718,0.920267624561708
"Map2k3os",0.462479270315091,402,-0.15754127698648,-1.46390697467973,0.0870653110172582,0.160368377482941
"Map2k4",0.48197548666186,1387,-0.0949887509790606,-1.51458977014227,0.0817793601358466,0.152557828024403
"Map2k5",0.545906432748538,1482,0.264561875580388,-3.41697552065489,0.0089441201990915,0.0231966517682775
"Map2k6",0.498084291187739,87,0.0577154978562877,0.0108497566713339,1,1
"Map3k1",0.513399693721286,653,0.090197808971578,-0.0361953663804115,0.787887158853693,0.895866273119767
"Map3k10",0.496240601503759,133,-0.0201778819376299,-0.02700996310611,0.816210363221903,0.919658210163742
"Map3k13",0.510973084886128,345,0.0552295207203919,-0.0151764619095616,0.861691856778792,0.958685353269836
"Map3k14",0.510662177328844,297,0.0248033910005727,0.0111189666165501,1,1
"Map3k20",0.488658441315653,2926,-0.0442551488015864,-1.64487577762975,0.06971357003457,0.134035371547417
"Map3k3",0.477572278911565,784,-0.121463512485667,-1.19045758710479,0.122825573229286,0.212058796206324
"Map3k4",0.517160900604064,607,0.164714145194604,0.0708223886633732,1,1
"Map3k5",0.681406685236769,718,1.15386515054621,-41.4024499119787,9.0565203237253e-20,1.28786789010263e-18
"Map3k7",0.55391335481561,1330,0.26419833896743,-4.98745422616162,0.00158687885608163,0.00504314909186548
"Map4",0.4934847289686,2294,-0.0696809090012054,-0.29651040644876,0.441253360783475,0.583814815213617
"Map4k3",0.463956131378566,1257,-0.337996463515016,-1.70525045148133,0.0647827792375481,0.125780160324681
"Map4k4",0.515331107401224,1198,0.0782039072749847,-0.169960615765376,0.559874692095573,0.698101232276702
"Map4k5",0.521124031007752,1032,0.119075859946559,-0.279262594796592,0.454855077112359,0.597687407513342
"Map7",0.602301512710347,1064,0.561579573283205,-17.0225804057798,5.38476608176877e-09,3.81250526802025e-08
"Map7d1",0.459637561779242,607,-0.226275855823676,-2.64214635688086,0.0215186309649668,0.0497873323119122
"Mapk1",0.47233893557423,952,-0.0997077199455956,-2.01206280714496,0.0448538649321392,0.0930056043943522
"Mapk10",0.372160547446029,1839,-0.809588542322457,-50.8530590154278,6.4401163138794e-24,1.09433065060148e-22
"Mapk14",0.584069683908046,928,0.483750249362858,-10.1700894959336,6.48249495979479e-06,3.18291925165638e-05
"Mapk1ip1",0.514338100476714,909,0.141843227224828,0.114973738335038,1,1
"Mapk4",0.470072274827318,1041,-0.15549207952493,-2.45022022041871,0.0268498466119125,0.0602326772924988
"Mapk6",0.545677361853832,374,0.282730207174714,-0.975055460686406,0.162574898394098,0.266667330894718
"Mapk8",0.500382513661202,915,-0.0428430010057355,0.0582216595053069,1,1
"Mapk8ip3",0.50598633392751,1122,0.0391333140037857,0.00490541630051666,1,1
"Mapk9",0.420289855072464,276,-0.523561956057013,-3.84689134566815,0.0055411369925975,0.0152802430132763
"Mapkap1",0.506646825396825,840,0.0842279067767655,0.149341581555063,1,1
"Mapkapk2",0.4475483681322,1670,-0.494389835942631,-1.3093044844527,0.105616991384269,0.188057568914598
"Mapkapk3",0.474019607843137,850,-0.0653407536673178,-1.39166041134649,0.0952504834243763,0.172370246628313
"Mapkapk5",0.543478260869565,161,0.199308808223407,-0.398848235681498,0.371782980312537,0.510935168685043
"Mapkbp1",0.517304189435337,366,0.10383581098454,-0.088772454170396,0.673491652514035,0.801644967489662
"Mapre1",0.637065637065637,259,0.829199311100824,-8.73620266375571,2.91508278907537e-05,0.000130440237868492
"Mapre2",0.556320577164366,1594,0.223607322495307,-6.23194305521838,0.000414895861243398,0.00151018493528508
"Mapre3",0.518899153194765,433,0.109763566225542,-0.112164399989524,0.635761201127879,0.769008683000599
"Mapt",0.507521312442679,1844,0.0824120344153096,0.393952369248382,1,1
"Marchf2",0.487817638266069,446,-0.074589316420683,-0.34222405357383,0.408059229638484,0.548988853071213
"Marchf3",0.574167225575676,1065,0.569071127951265,-5.53278158795683,0.000879458731624652,0.00295441792125358
"Marchf5",0.494147157190635,598,0.0120392496229149,-0.0947833648256164,0.663277469510439,0.792579379625079
"Marchf6",0.474100211714891,1417,-0.144315395736476,-2.44452525473343,0.0270275462492176,0.0605301603018848
"Marchf7",0.491443452380952,672,-0.0655007436409143,-0.228005502299197,0.499494160195372,0.640421165851258
"Marf1",0.510346756152125,596,0,0.100965593531555,1,1
"Mark1",0.40414878397711,233,-0.498602215917974,-4.84098224100663,0.00186085562533429,0.00582830749288091
"Mark2",0.526630500301386,1185,0.131244533278252,-0.735327888061192,0.225242255507256,0.345560232906218
"Mark3",0.477917591907229,1351,-0.140084781681609,-2.00659438707567,0.0451456896258915,0.0934663383001183
"Mark4",0.676136363636364,176,1,-10.2379321000973,6.03879582518171e-06,2.97376357876887e-05
"Masp1",0.289592760180996,221,-1.22239242133645,-19.7597238397166,3.24808546768349e-10,2.5984683741468e-09
"Mast2",0.485725828434791,4361,-0.0883157157764423,-11.4146406475356,1.77047630253696e-06,9.57846248540013e-06
"Mast4",0.535007806726896,1844,0.202479989072956,-2.22206451298962,0.0350214499361236,0.0756806091343405
"Mat2a",0.478849029293815,1630,-0.158792259107689,-2.2380586397594,0.0343717226047904,0.074493190061905
"Mat2b",0.571739130434783,460,0.43126596107073,-3.73015019533631,0.00630744804946242,0.0169770468047285
"Matr3",0.462843068261787,1015,-0.223427724603618,-3.56061222437984,0.00761766623253402,0.0200902851680819
"Mau2",0.490369088811995,867,-0.0623232789718311,-0.434884904968612,0.351019042853887,0.48789393572899
"Mavs",0.464912280701754,228,-0.200532987372708,-0.772212739121414,0.213960281770081,0.332200187656902
"Max",0.48949944842802,1036,-0.0338974780939743,-0.498719875610504,0.317930807175412,0.451438878307883
"Mb",0.396163237175621,2975,-0.521383704946651,-72.2826237810696,2.67306539153873e-33,6.30948354124184e-32
"Mb21d2",0.652777777777778,378,0.965938163926366,-15.5721099129974,2.39551613256485e-08,1.59037628899854e-07
"Mbd1",0.410555704458143,533,-0.379086516682691,-9.04871135337942,2.09885330814397e-05,9.62261161493326e-05
"Mbd2",0.456223628691983,316,-0.253756592245783,-1.57459813905552,0.0759643707465212,0.143869316154247
"Mbd5",0.540322580645161,527,0.23150790027985,-1.28449725702137,0.10897697916344,0.193199546789491
"Mbip",0.539496527777778,384,0.210838194708366,-0.852364746364515,0.191670622301143,0.304711799357004
"Mblac2",0.416013071895425,255,-0.588866955177073,-3.98331202407616,0.00476477210534386,0.013375637963642
"Mbnl1",0.252913076341648,1575,-1.5841288138786,-176.935187552549,6.08588345824103e-79,3.52141808376843e-77
"Mbnl2",0.517491266408825,4189,0.0417832464831296,-0.375864816719513,0.385929170521345,0.5253207447859
"Mboat2",0.383970856102004,366,-0.743435089495764,-10.3662750440427,5.28106242422087e-06,2.6354268395071e-05
"Mbtd1",0.547153430116709,1171,0.231907806245885,-3.47467504945871,0.00838496891370468,0.0218629335796484
"Mbtps1",0.437881873727088,491,-0.326729081151183,-4.4221532488387,0.00294004591158764,0.00874715787170934
"Mcc",0.508255451713396,214,0,0.020080169082263,1,1
"Mccc1",0.613427871148459,952,0.67260862280016,-19.6276971057407,3.71839673619609e-10,2.95359513530747e-09
"Mccc2",0.464214350590372,1101,-0.136758137507113,-3.36036518021547,0.00952985931212534,0.0245544781969233
"Mcee",0.472008547008547,390,-0.199531463527636,-0.777196575097094,0.212488062985855,0.330331898918891
"Mcl1",0.47637923041261,719,-0.103556191826597,-1.28943585408274,0.108298832643437,0.192251194049921
"Mcm3ap",0.626262626262626,396,0.730037873575136,-10.8366198231458,3.2326965091501e-06,1.68070170173629e-05
"Mcmbp",0.494845360824742,388,-0.0544477840223774,-0.0866799223479688,0.677142907898608,0.804137154602876
"Mcrip1",0.486033519553073,179,-0.148863385914483,-0.0947045764931715,0.663408829894197,0.792595241411507
"Mctp1",0.426570628251301,238,-0.384010603658219,-2.76312126968304,0.0187332936374744,0.0442738967939183
"Mcu",0.522261151295961,1264,0.099863894469379,-0.527856645137035,0.304194924287212,0.436814319012043
"Mcur1",0.415706051873199,694,-0.5075687850327,-10.6495691625764,3.92908071760643e-06,2.00700074403153e-05
"Mdfic",0.406367041198502,178,-0.579013234389969,-3.35329694196923,0.00960570301493702,0.0247059005910145
"Mdga2",0.692922374429224,146,1.3879256536616,-9.523886412056,1.27486475574974e-05,6.01750509183704e-05
"Mdh1",0.523886098942195,2674,0.134410928694553,-1.23734400093508,0.115692398407709,0.202273346734188
"Mdh2",0.378038194444444,864,-0.69409212570311,-26.0253800562566,5.40842887167638e-13,5.23829359115323e-12
"Mdm1",0.227272727272727,77,-1.86059694333458,-12.4176980434985,6.24403023218759e-07,3.55771909324644e-06
"Mdm4",0.487366666666667,1500,-0.0269936045872816,-0.872993853743992,0.18638192951091,0.298424501640561
"Mdn1",0.567051467051467,693,0.37381483655233,-4.67594028625308,0.00222756781959763,0.00684276210761525
"Me1",0.477941900541605,677,-0.118836229509851,-1.00431585285719,0.156406327496644,0.258534245098407
"Me3",0.49627730291051,1843,-0.0265562281938088,-0.53443006433281,0.301203057718619,0.433649704720585
"Meaf6",0.458677685950413,242,-0.202629166515018,-1.06033797418527,0.145322394305736,0.243729113088481
"Mecom",0.574263038548753,147,0.464962724610526,-1.34092278662926,0.101498037040836,0.181776276494733
"Mecr",0.646318289786223,421,0.822001698022005,-15.8680297792189,1.76612404250151e-08,1.18898942560383e-07
"Med1",0.513662945241893,627,0.127892914019794,0.0443501688275774,1,1
"Med12l",0.458167330677291,251,-0.15417093012776,-1.03489215608604,0.150242767919923,0.25004449746554
"Med13",0.498474976392823,1765,0.0323487776978602,-0.0491163806532313,0.753960785552694,0.868899742393727
"Med13l",0.483234714003945,1352,-0.129823342973985,-1.06691425764143,0.144080495595711,0.242251574759121
"Med15",0.508374519494783,607,0.0665337512557009,0.014710963959601,1,1
"Med20",0.539337474120083,322,0.178538131747021,-0.672296712135505,0.246225530188472,0.371135360122395
"Med21",0.558219178082192,292,0.358047520694014,-1.49569649272746,0.0837081326006826,0.155507607532738
"Med23",0.454891304347826,460,-0.352822102833145,-1.98257024612911,0.0464516455023716,0.0957565861830216
"Med24",0.621993127147766,194,0.769880216638941,-4.89374057934901,0.00175703981877925,0.00553154374467465
"Med25",0.513513513513513,148,0.0703893278913981,-0.0114020114928906,0.879967819967448,0.97448341983526
"Med27",0.514446620959843,1021,0.118958228160372,0.0561114692422962,1,1
"Med4",0.382066276803119,171,-0.66296501272243,-5.0512944658775,0.00148061175494925,0.00475041400536297
"Med6",0.614485981308411,214,0.71409112791362,-4.88787282561933,0.00176828993734389,0.00556435164531281
"Med7",0.596385542168675,166,0.504792152037172,-2.6807379172289,0.0205863449210003,0.0478944704019945
"Mef2a",0.509176154781937,2179,0.0975428889392578,0.577902847096539,1,1
"Mef2c",0.5307291005291,1125,0.208399149256948,-0.865672976222641,0.188239098234338,0.300169973013614
"Mef2d",0.410493119266055,1744,-0.536101151717359,-25.8232606929778,6.64482696074235e-13,6.38969606883992e-12
"Megf9",0.456190476190476,175,-0.247092861964773,-0.832314095481195,0.196979591621044,0.310942384515628
"Meis1",0.473728293626253,1470,-0.095595258438423,-2.95936249955139,0.0149807955767245,0.0366306374903369
"Meis2",0.520663078212583,2424,0.14569505944987,-0.0475098738352244,0.757890029188404,0.872398881137467
"Memo1",0.538990805794084,1098,0.236569034337298,-1.88965863571798,0.0518898291190068,0.104715734529998
"Metap1",0.491850040749796,409,-0.051994637638261,-0.179756180730294,0.548777182237366,0.687328316323419
"Metap1d",0.634667183083279,1752,0.704642282366487,-46.1898619649178,7.15433515608084e-22,1.1219602235424e-20
"Metap2",0.520981735159817,730,0.131683109065454,-0.155918710540504,0.576554853054966,0.715179481372192
"Mettl1",0.685425685425685,231,1.13084747945962,-14.9625910099035,4.49042805487552e-08,2.88418689993536e-07
"Mettl14",0.558782849239281,241,0.283792966000591,-1.23256453568473,0.116398140566374,0.203242538886967
"Mettl15",0.398292682926829,615,-0.561115758766789,-14.0047613852755,1.20719924159912e-07,7.46106934586857e-07
"Mettl16",0.538669760247486,431,0.225066555634773,-0.794029867551046,0.207603562699877,0.324205470647179
"Mettl2",0.609756097560976,205,0.601450623509725,-4.36462104704842,0.00313146638225942,0.00925105737575935
"Mettl22",0.476190476190476,168,-0.112894056405934,-0.297192953271008,0.440728109866441,0.583234833088239
"Mettl24",0.815589353612167,263,2.18057224564182,-52.6987508208863,9.99358082033255e-25,1.74679464755396e-23
"Mettl25",0.569791666666667,416,0.349266803477872,-3.3262034271022,0.00990219741831799,0.0253968471806459
"Mettl25b",0.525046382189239,539,0.222392421336448,-0.0597408845127347,0.729597233800224,0.84885710405046
"Mettl3",0.644086021505376,155,0.887525270741587,-5.88213063944949,0.000603788400143587,0.00211515017837357
"Mettl4",0.459459459459459,259,-0.261197747354177,-1.08651586720902,0.140449105522981,0.237215499816369
"Mettl8",0.535310734463277,236,0.254929356196739,-0.295799003561683,0.441801843734906,0.584195030565147
"Mettl9",0.498393825615353,799,0.0664421433747346,0.210783454534635,1,1
"Mex3c",0.406914893617021,188,-0.591037015130841,-3.68825933403068,0.00660809640588729,0.017706005220086
"Mfap1a",0.458549222797927,193,-0.171480467944353,-0.811882095384391,0.202567722710595,0.317894448172437
"Mfap1b",0.461928934010152,197,-0.208317236124725,-0.744377221824578,0.222409815537327,0.342545819616002
"Mfap3l",0.486666666666667,75,0.257157839497125,0.448074353982186,1,1
"Mff",0.45978835978836,1449,-0.285402218862248,-5.27358174391975,0.00116366531560305,0.00380815290020852
"Mfhas1",0.559331979237192,1477,0.291134941341759,-7.18567169655216,0.000150068859409723,0.00059636600613266
"Mfn1",0.552026801112167,2706,0.290010967852416,-7.24343354523216,0.000141140109395049,0.000563552893670176
"Mfn2",0.493362831858407,226,0.012072832300575,-0.0415503930045986,0.773138485451676,0.884792074058252
"Mfsd11",0.544593921275536,669,0.280587299506462,-1.79312255583591,0.0582597422053546,0.115113155632128
"Mfsd14a",0.53183023872679,377,0.162729500038108,-0.462170092988458,0.33633795576434,0.47139285009193
"Mfsd14b",0.518372703412074,254,0.0506260730699681,-0.029762595867993,0.807247974059838,0.912370909730257
"Mfsd4a",0.517006802721088,147,0.161463422694117,0.010407750405534,1,1
"Mfsd4b1",0.922902494331066,294,3.44531051039264,-131.239422538551,4.94534704339872e-59,2.08762071416932e-57
"Mfsd6",0.442771084337349,166,-0.318361479867169,-1.33464342958393,0.102301853901438,0.183009073397242
"Mfsd8",0.463793103448276,290,-0.26960705975728,-0.964727600945906,0.164818060866456,0.269419225874364
"Mga",0.494491675522494,941,-0.0330582885792956,-0.254484053012902,0.475585896580614,0.617232273672351
"Mgat1",0.450617283950617,270,-0.289506617194985,-1.67940828530149,0.0668460898727875,0.129337260082488
"Mgat4b",0.361356932153392,339,-0.832705254602359,-13.9650184515623,1.25781965333703e-07,7.74539955339278e-07
"Mgat5",0.343058518984445,2106,-0.899496399515167,-94.0978058379255,7.87407751085047e-43,2.33853133862072e-41
"Mgll",0.355263157894737,437,-0.865223320665546,-18.9436552378946,7.49511666658965e-10,5.79576302605412e-09
"Mgmt",0.340561224489796,392,-0.942373182417945,-20.6095318858032,1.36088757853008e-10,1.10584472482977e-09
"Mgp",0.532011331444759,353,0.163746426513189,-0.532947496796567,0.301874513843772,0.434401433343759
"Mgrn1",0.542762864685111,1389,0.263895973515947,-3.23001054701808,0.0110328335034948,0.0279673704959869
"Mgst1",0.433639143730887,218,-0.375509135092206,-2.10645090216335,0.0401176527896492,0.0848360697933603
"Mgst3",0.420495827196858,679,-0.439699553513113,-9.43458669637403,1.3999681374321e-05,6.57993576954466e-05
"Mhrt",0.553757374064949,4482,0.327854644374384,-67.9210196055192,2.16052201848347e-31,4.7390273817193e-30
"Mia2",0.422095904770677,2961,-0.466785559730296,-37.1977601285321,6.39339209043887e-18,8.36499955380618e-17
"Mia3",0.462261904761905,700,-0.215834705314286,-2.5303072899502,0.0244755570300027,0.0557069985708301
"Mib1",0.464202630204624,2006,-0.271212280582978,-4.69504700822699,0.00218161017346866,0.00671080086357546
"Mical2",0.471591467157766,1810,-0.141117038578035,-3.77019790321674,0.00603307880439992,0.0163678354628667
"Mical3",0.537254949261028,1974,0.224236121320136,-1.6256004562747,0.0713711482086492,0.136518423133785
"Micall1",0.542163355408389,755,0.211504105193712,-1.72218843976111,0.0634673494342574,0.123655398955801
"Micos10",0.432065237721169,1273,-0.419844884736457,-11.4285503126389,1.74503459321562e-06,9.46096299649694e-06
"Micu1",0.546666666666667,600,0.276980688833387,-1.75257362406728,0.061178406950458,0.119926830447276
"Micu3",0.484904688304997,647,-0.0633025819085176,-0.648499210013938,0.254762225437726,0.380923158195147
"Mideas",0.482,500,-0.163498732282878,-0.463284036917969,0.335756299670551,0.470774239270678
"Mief1",0.471980676328502,345,-0.169925001442312,-0.827983201223788,0.198148813280125,0.312494087109069
"Mier1",0.43123795761079,692,-0.419153607751075,-7.16124308191763,0.000154014151317955,0.000610237888811164
"Mier3",0.583984375,256,0.483679164883974,-2.98170026623882,0.014605843994939,0.0358575072765291
"Miga1",0.616780045351474,294,0.709871933283932,-6.67011000317439,0.000259773870144285,0.000993505536415066
"Miga2",0.482968228074264,1839,-0.0720437948627275,-1.94352402530785,0.0486598799432638,0.099272071179084
"Mindy1",0.518518518518518,162,0.0824621601919731,-0.0419159190605569,0.77217025349695,0.883985458207663
"Mindy2",0.431723315444246,559,-0.400849056399877,-5.80381434316428,0.000656818444102771,0.00227950640993682
"Mindy3",0.441924778761062,452,-0.408553465708645,-3.40079937157105,0.00910762830808612,0.0235569946835738
"Mink1",0.565656565656566,297,0.440572591385981,-1.90066391966315,0.0512119551618905,0.10378461444644
"Mios",0.553635709143269,463,0.28618243360242,-1.90917499589028,0.0506941367412783,0.10289054907997
"Mipep",0.480152256661229,613,-0.130502024234128,-0.901998098736726,0.179230123927792,0.289111413555236
"Mipol1",0.484536124794746,580,-0.0669310081189867,-0.527569959788025,0.304326279881829,0.436814319012043
"Mir100hg",0.544370806741941,1164,0.321928094887362,-2.3993995416597,0.0284795820089932,0.0632753904152142
"Mir133a-1hg",0.531530769605325,3225,0.172836596862216,-4.30824194817842,0.00333134289004744,0.00976844625513254
"Mir155hg",0.400222965440357,299,-0.631218091682029,-6.64296233173297,0.000267406112269783,0.00101805435368961
"Mir181a-1hg",0.659235668789809,157,0.807354922057605,-7.26691995468981,0.000137664379934087,0.000552303238564013
"Mir22hg",0.520477815699659,1172,0.127687997389586,-0.29991412546724,0.438643563632075,0.581278499328428
"Mir378c",0.419871794871795,156,-0.343954401217361,-2.19452264946828,0.036170561822901,0.0777223922249519
"Mir670hg",0.543256997455471,131,0.179323699444562,-0.291455144410065,0.445173836286033,0.587496419416408
"Mir99ahg",0.452255392599655,4385,-0.264183322865836,-60.0288595164475,6.14465630237148e-28,1.20947017893013e-26
"Mitf",0.478010233756725,3701,-0.130895388338495,-10.0369224961532,7.45087021896518e-06,3.63446518239058e-05
"Mix23",0.540326697294538,653,0.22936197615129,-1.38255493178121,0.0963400725495447,0.173920001869969
"Mkks",0.207894736842105,190,-1.98229799826654,-35.3222165635674,4.2777309198548e-17,5.38689116961828e-16
"Mkln1",0.491544317563893,1839,-0.0235111061796842,-0.865981341153201,0.188160438859442,0.300169973013614
"Mkln1os",0.382521489971347,349,-0.699694716812433,-10.4651719340464,4.76289879551025e-06,2.39464994123332e-05
"Mknk1",0.515981735159817,292,0.0913403115384259,-0.0454501137875809,0.763035807166914,0.875854058017394
"Mknk2",0.633333333333333,465,0.794415866350106,-14.2757902626329,9.12353244841393e-08,5.69647905058179e-07
"Mkrn2",0.5546875,192,0.357156583198345,-0.860430744229319,0.189582190250412,0.301749030344028
"Mlf1",0.55285783398991,689,0.254572827085598,-2.91145554640252,0.0158187427769594,0.0383859007660706
"Mlh1",0.741730279898219,262,1.51164582307824,-29.8796483125833,1.07197605614156e-14,1.18535474280431e-13
"Mlh3",0.405263157894737,285,-0.454565863465482,-5.55286328244523,0.000860615667301154,0.00289837047612912
"Mlip",0.48289606515062,4363,-0.0805906837560482,-10.9101048664343,2.99429547207773e-06,1.56768418163695e-05
"Mllt10",0.540333177756772,3272,0.251720174800797,-6.63978311043957,0.000268314571796773,0.00102093390357139
"Mllt3",0.5681220657277,1065,0.373153418242535,-6.69708646001322,0.00025240721512416,0.000966984719128632
"Mllt6",0.43687707641196,301,-0.425763905871902,-2.79167573523145,0.0181319916234318,0.0430803284164512
"Mlxip",0.59470695970696,910,0.51937415909358,-12.7706281500766,4.33023927034139e-07,2.51641263918021e-06
"Mlxipl",0.551672805402087,1086,0.296617006358175,-3.79517130087902,0.00586817964499706,0.0160110657630977
"Mlycd",0.476507092198582,376,-0.149009949133067,-0.675117395001166,0.245237074701187,0.37006098142859
"Mm2pr",0.523111111111111,900,0.155330520721809,-0.382437284316666,0.381807330818878,0.520978004565219
"Mmaa",0.444382778338379,991,-0.325957971923515,-6.91124549541883,0.000200916699766896,0.000784498480997908
"Mmadhc",0.440899847483477,562,-0.398010487718192,-4.4072193224398,0.00298856139449312,0.00886540529584698
"Mmd",0.494491766042022,587,-0.0561118795720321,-0.0929052636689676,0.666426596494641,0.794927193117475
"Mme",0.273645320197044,406,-1.3809048143597,-43.6705504531266,9.13301427135862e-21,1.359219330141e-19
"Mms19",0.487031700288184,347,0.00745580491904718,-0.116962056958982,0.628629299987499,0.762718702370949
"Mmut",0.428272082527402,517,-0.474626295568643,-5.63292743592774,0.000789458155801891,0.00268160078023395
"Mn1",0.424365942028986,368,-0.542149417182183,-4.55607488767396,0.00253917283854456,0.00768738299157019
"Mnat1",0.480451982404865,1613,-0.122060778087611,-2.11814299302932,0.0395686369025404,0.0838600223839126
"Mnt",0.396440129449838,103,-0.523561956057013,-2.20135650563313,0.0358818055992478,0.0772413980699651
"Mob1b",0.465946632782719,787,-0.184553665588848,-2.40188546132572,0.0283975160989356,0.0631466762066546
"Mob2",0.49368499257058,673,-0.037670417966055,-0.201199980347951,0.525852412894586,0.666073107255796
"Mob4",0.531609195402299,290,0.18057224564182,-0.332671127063122,0.414680237921895,0.555223171141385
"Mocos",0.566885964912281,152,0.399930606888636,-1.03896141554037,0.149443420431748,0.249146606541951
"Mocs2",0.431791221826809,281,-0.347165386386385,-2.99411046266465,0.014401720290309,0.035434144643898
"Mon1a",0.533333333333333,230,0.138605238229506,-0.281259485051748,0.45324708804307,0.596041233335636
"Mon2",0.52236729817375,1674,0.225677496852751,0.824917874400853,1,1
"Morc2a",0.521643109540636,566,0.113656781795568,-0.259670463589373,0.4711229591553,0.613559923148384
"Morc3",0.485733695652174,736,-0.0672632269046787,-0.674587529273026,0.245422385955644,0.370174169558266
"Morf4l1",0.52183705444575,851,0.0541412515574202,-0.146231714362898,0.588646214824299,0.726005350677206
"Mosmo",0.496516164994426,598,-0.0243841586269591,-0.111730514866508,0.636415347264167,0.769522574461734
"Mov10",0.39745670995671,308,-0.661198086548242,-6.79014916663101,0.000228571905702118,0.000883232372523095
"Mov10l1",0.441379310344828,145,-0.313660478903762,-1.17213438622957,0.125744553754315,0.216465105103606
"Mpc1",0.441674781067231,2543,-0.342674793175666,-17.1912913307037,4.52756904534475e-09,3.24669267439679e-08
"Mpc2",0.484400110834026,1203,-0.087354729665674,-0.90424614998301,0.178689198556696,0.288516213786996
"Mpdu1",0.459051724137931,116,-0.135351852894886,-0.472526949866264,0.330981488220978,0.465733280700043
"Mpdz",0.501803131729467,1629,0.0323097664343646,-0.0196548616058863,0.842836327321691,0.94206784829029
"Mphosph10",0.513316151202749,194,0.0544477840223774,-0.017884745465949,0.849992309052101,0.948171576924996
"Mphosph8",0.487153482082488,493,-0.145956353615982,-0.206407037264114,0.520544636988988,0.66134688689572
"Mphosph9",0.420824295010846,461,-0.422691071822278,-6.63677243442959,0.000269177737469822,0.00102363794555096
"Mpi",0.428940568475452,258,-0.433416028593698,-2.91537343551369,0.0157484360911357,0.0382388322052646
"Mplkip",0.551020408163265,196,0.245577208757248,-0.742491120053529,0.222996628646513,0.343292057677843
"Mpp7",0.438710540467321,1670,-0.14512161044174,-10.9235919354769,2.95249601910703e-06,1.55063797185026e-05
"Mppe1",0.290948275862069,232,-1.26960705975728,-21.6849502450366,4.53104568666276e-11,3.84480134625543e-10
"Mpped2",0.313527508789354,1203,-1.13460094047083,-79.1643509687879,2.62312190256981e-36,6.7716900807879e-35
"Mprip",0.553276224827172,1109,0.33683980429129,-4.0932519748601,0.00422031759443952,0.0120693530864414
"Mpv17",0.6296875,320,0.726769827060318,-8.62014786564583,3.29375595319604e-05,0.000145964218288912
"Mrap",0.346846846846847,222,-0.915607812709627,-10.6686448985162,3.85165917244774e-06,1.96895174146757e-05
"Mrc1",0.529417122040073,183,0.265238676760523,0.0427236384763887,1,1
"Mre11a",0.536324786324786,156,0.206450877467426,-0.254450930863214,0.475614618509148,0.617232273672351
"Mreg",0.526241134751773,470,0.164781698166352,-0.293199994048791,0.44381460719591,0.586279008757912
"Mroh1",0.466087675765095,403,-0.180207974704173,-1.07663974776483,0.142265724173396,0.239560346375271
"Mrpl1",0.557335581787521,593,0.254504606490201,-2.8377921907246,0.0172026087221976,0.0412665867560366
"Mrpl10",0.456386292834891,214,-0.31625934480067,-0.898780481573738,0.180007642446356,0.28989278263483
"Mrpl13",0.466397849462366,372,-0.241585986569759,-0.984817318638079,0.160486648495261,0.263886914429248
"Mrpl15",0.404008438818565,316,-0.53743413063857,-6.19816347612749,0.000430179188160877,0.00155989341487618
"Mrpl23",0.422718808193669,179,-0.423807708906576,-2.52371654958458,0.0246624484995004,0.0560373575926359
"Mrpl24",0.508333333333333,200,0.119739244274096,0.0765339117436667,1,1
"Mrpl27",0.555194805194805,154,0.282399730700725,-0.720687310942651,0.229917026238861,0.351543652419946
"Mrpl3",0.58623595505618,890,0.513923163789301,-9.78260144024057,9.72239529927255e-06,4.66786246414287e-05
"Mrpl33",0.450520833333333,736,-0.271088983565252,-4.41607449922105,0.00295969651078841,0.00879392783550765
"Mrpl37",0.552742616033755,237,0.254572827085597,-0.980534004840507,0.161399142807736,0.26480348240663
"Mrpl38",0.54066985645933,209,0.313499472816781,-0.395422462051812,0.373844761247857,0.512509403083255
"Mrpl39",0.602803738317757,214,0.641952479305986,-3.95039502014274,0.00494132106788629,0.0138538625762961
"Mrpl42",0.562987012987013,693,0.399270183420527,-3.79298689182144,0.00588241795158515,0.0160433926416252
"Mrpl45",0.576190476190476,280,0.527015151511876,-2.60805537298285,0.0223785471283489,0.0514850722095238
"Mrpl47",0.565901360544218,392,0.346865996637264,-2.74435935668339,0.0191395645976809,0.0450121785492763
"Mrpl48",0.449343607305936,584,-0.378890333071075,-3.13629058905155,0.0122620388901293,0.0307100018770701
"Mrpl55",0.44254835039818,293,-0.309684499132615,-2.25129865276614,0.0338434113099971,0.0735611971219885
"Mrps10",0.361531190926276,529,-0.741931847059556,-21.6777051855915,4.56472351570129e-11,3.86360961379408e-10
"Mrps17",0.585227272727273,528,0.462626957797104,-6.22423497403861,0.000418334373009047,0.00152187550766218
"Mrps18a",0.500770712909441,519,-0.00978102079258569,-0.0237309875958545,0.827539990043674,0.928837527286478
"Mrps21",0.293019480519481,308,-1.29598482763508,-27.7170737897483,9.66429375848065e-14,9.9336507973847e-13
"Mrps23",0.515522875816993,204,0.0664954117869065,-0.0342001804367555,0.793680250331295,0.901276302579842
"Mrps27",0.640909090909091,440,0.888638891052296,-15.5604668645695,2.4244261729739e-08,1.60797909812261e-07
"Mrps28",0.537107182940516,1188,0.273951803000143,-0.625337360555704,0.26342364833452,0.39082659761744
"Mrps31",0.441535776614311,191,-0.309328058107729,-1.52712975559024,0.0805256932700867,0.150848019321469
"Mrps33",0.552367941712204,732,0.381695423412304,-2.22711918098673,0.0348147381188678,0.0753066459084244
"Mrps35",0.491452991452991,624,-0.0517435750939987,-0.252162702726764,0.47760571712279,0.618620141514505
"Mrps36",0.20903165735568,358,-1.96848902725478,-65.7223463843221,1.97912285375789e-30,4.23053267338312e-29
"Mrps5",0.435216894977169,584,-0.322905861811193,-5.67463982673746,0.00075477238792693,0.00257628940229597
"Mrps6",0.505294390018034,977,-0.025385318419914,0.169226395671103,1,1
"Mrps9",0.555524168236033,1062,0.295890233985839,-4.81007545094576,0.00192453919247663,0.00599977104500844
"Mrrf",0.484712900820283,447,-0.114559764262856,-0.405066376917887,0.368081004895637,0.506957096609206
"Mrtfa",0.555925460636516,796,0.285068917476709,-3.60240213349698,0.00727086786415055,0.0192969810613596
"Mrtfb",0.559272263564267,1363,0.350756747946581,-5.83398534973367,0.000635853293059417,0.00221314133369101
"Msantd2",0.506115141369048,512,0.0710830980614832,0.0482881385720475,1,1
"Msantd3",0.481081081081081,185,-0.0690416444296513,-0.216998431557386,0.510034237243982,0.651247860071415
"Msh2",0.526011560693642,173,0.17176634826648,-0.126405601571747,0.615102542056446,0.750375910992887
"Msh3",0.636460554371002,469,0.745427172914402,-15.7175052200199,2.06228556841924e-08,1.37731947614228e-07
"Msi2",0.491001065501888,3947,-0.0668025088976049,-5.80282783296025,0.000657515613060167,0.00228074666401025
"Msl1",0.467289719626168,214,-0.189270351161739,-0.639286411627182,0.258164563374643,0.384712674856816
"Msl2",0.527076124567474,578,0.189695383517,-0.40176775512316,0.370038407857803,0.509058781213686
"Msra",0.52478563772776,1244,0.135610636916978,-0.673394367920991,0.245840299807166,0.370721206988475
"Msrb1",0.646864686468647,404,0.917537839808027,-15.5422786842548,2.47028901426332e-08,1.63516566703505e-07
"Msrb2",0.479784366576819,371,-0.0899813668376659,-0.501765566473807,0.316457582961597,0.449918088718119
"Msrb3",0.509185232117469,3619,-0.0947476597102014,1.62154256794747,1,1
"Mss51",0.417040358744395,223,-0.460729589971713,-3.51071749506602,0.00805396595972672,0.0210917750767405
"Mt1",0.580018587360595,538,0.388565287917653,-5.21704025861493,0.00123711120355932,0.00402691095940358
"Mt2",0.408602150537634,93,-0.695145418471578,-1.47332172649173,0.0860561227309526,0.158989456584133
"Mta3",0.481067382230173,559,-0.116166348095035,-0.679747145240071,0.243625144680966,0.367959489446139
"Mtarc2",0.301339285714286,224,-1.31366047890376,-18.9069419876189,7.78259128239336e-10,6.0111337960212e-09
"Mtch1",0.477094972067039,179,-0.200298650485832,-0.232626948569845,0.495178739221041,0.636712585757017
"Mtch2",0.441035474592522,1043,-0.340518522198555,-8.21781265255231,5.03303804255363e-05,0.000217106371090102
"Mtcl1",0.334763948497854,233,-0.967578522307623,-13.618240981004,1.80029427429896e-07,1.08470154121136e-06
"Mtdh",0.48180571876224,851,-0.164341428008293,-0.59822714731763,0.274031503935167,0.403001633306933
"Mterf2",0.634218289085546,113,0.811927651847428,-3.54038289524836,0.00779157055151123,0.0205247337290987
"Mterf3",0.35,300,-0.88506423315534,-14.497664617546,7.25530232161671e-08,4.5811466775815e-07
"Mtf1",0.494152046783626,228,-0.0114956388378298,-0.0497371962721616,0.752461297500648,0.868016932774536
"Mtf2",0.453035060177917,637,-0.286051058558765,-3.18019337657358,0.0116696103988719,0.029412852045523
"Mtfp1",0.453703703703704,162,-0.250808103500535,-0.883399773738773,0.183778656693452,0.294959910025455
"Mtfr1",0.485052316890882,223,-0.0579473492092797,-0.200517181795192,0.526555551420645,0.666586356306181
"Mtfr1l",0.43921568627451,255,-0.261124815825163,-2.14118131729069,0.0385097836528019,0.0819783279028246
"Mtg2",0.413829787234043,470,-0.573629409913569,-7.72095622158201,8.50802499481916e-05,0.000353596679660843
"Mthfd1",0.473039215686274,408,-0.227133454327687,-0.718924802680419,0.230487638230126,0.352078522485345
"Mthfr",0.599122807017544,190,0.637429920615292,-3.23611999732978,0.0109572340789305,0.0278473892986677
"Mthfs",0.17814371257485,668,-2.22311794060791,-148.536830960428,1.42998715304268e-66,7.05740718472238e-65
"Mthfsl",0.515384615384615,260,0.0718929184817849,-0.0366124750224515,0.786697857203867,0.894665540080033
"Mtif2",0.473068245910886,591,-0.131995545809991,-1.25422132234905,0.11323778732326,0.199056635534623
"Mtif3",0.488888888888889,90,-0.0857298740258834,-0.0513519903521455,0.74860856855915,0.865151148578275
"Mtmr10",0.445141065830721,319,-0.458585214951601,-1.75971610297353,0.0606532229211076,0.119140893253285
"Mtmr12",0.435153583617747,293,-0.397147340382955,-2.88194967845942,0.0163587283325257,0.0395817536293845
"Mtmr14",0.341981132075472,212,-0.894506871152686,-11.4619364475973,1.68545538934313e-06,9.1824485172655e-06
"Mtmr2",0.548941798941799,252,0.292781749227846,-0.931531904841847,0.172271608785002,0.279972648466085
"Mtmr3",0.532972407880698,2726,0.167610834665454,-3.33420634501272,0.00981365529577771,0.0251986435903826
"Mtmr6",0.478260869565217,161,-0.0663424948286959,-0.218953453048485,0.508134436528471,0.649637778662685
"Mto1",0.460099750623441,401,-0.239383137769148,-1.68143625375734,0.0666816606270962,0.129056316646214
"Mtor",0.990709459459459,592,6.85798099512757,-443.403131261031,7.24442907265668e-195,1.31417859285599e-192
"Mtpap",0.458490566037736,1060,-0.259324086495419,-4.53564782983312,0.0025965302800888,0.00783276909660944
"Mtpn",0.532738095238095,224,0.260866569151084,-0.258943262081488,0.47174462562305,0.613871641562991
"Mtr",0.783416320885201,1205,1.91191603029434,-170.564622601594,3.62194849834101e-76,1.97646490413535e-74
"Mtres1",0.570399476096922,509,0.436602849113777,-3.79089475971807,0.00589608782583602,0.0160676173313079
"Mtrex",0.500231803430691,719,0.0205613224823162,-0.0468688124034315,0.759478251691967,0.873504654172972
"Mtrf1l",0.544061302681992,261,0.308122295362332,-0.679569443299897,0.243686775803526,0.367969772596911
"Mtss1",0.279612103908921,1351,-1.52390097498488,-113.694623491569,2.21165883844419e-51,8.48265949922138e-50
"Mttp",0.522222222222222,195,0.147753620443692,-0.100031758016939,0.654669582593577,0.784808401208803
"Mtus1",0.437752411091019,2212,-0.319291429442734,-16.6852964447635,7.61670119219931e-09,5.31980212300123e-08
"Mtus2",0.71103526734926,293,1.33390073655344,-24.0548433834819,4.03030490550407e-12,3.66054215503969e-11
"Mtx2",0.478832784485913,911,-0.16255301278596,-1.26073161327918,0.112306331683495,0.197795879889693
"Mtx3",0.573065902578797,349,0.412781525338476,-3.04108463022527,0.0136552990599336,0.0337958581453815
"Muc16",0.370255348516218,69,-0.623436648535792,-2.3620439524023,0.0297429539203005,0.0655399562419754
"Muc4",0.99438202247191,89,6.6724253419715,-64.4997967596719,6.78322649543626e-30,1.42278175741776e-28
"Mvb12b",0.560714285714286,140,0.321928094887363,-0.768859661000448,0.214957598987833,0.333440121193976
"Mvp",0.373205741626794,209,-0.686339521096238,-7.32183195599788,0.000129870497512319,0.000524798783445324
"Mxi1",0.48780487804878,328,-0.0478285250906154,-0.213684578390598,0.513282694535737,0.654598792651314
"Myadml2os",0.47593669250646,516,-0.199469277056328,-0.753662086168333,0.219547848381944,0.339618612200877
"Mybpc3",0.533934135037076,2652,0.295622332334073,2.03459053594497,1,1
"Mycbp2",0.474196413407783,2498,-0.137196338602199,-4.18673472756564,0.00380738068150728,0.0110294083445304
"Myh10",0.583791208791209,364,0.475198934495614,-4.1379684247018,0.00401739283511362,0.0115332509449455
"Myh14",0.440125786163522,530,-0.316710385616344,-4.49738199440765,0.00270754239393263,0.00812747072811977
"Myh6",0.578837850655758,5521,0.472455524935504,-404.770730187662,4.54559913845345e-178,6.63262204723904e-176
"Myh7",0.513375588977557,2823,0.0140799220142173,0.380115841531733,1,1
"Myh7b",0.576058792768027,2545,0.503739527381599,-18.2517808533553,1.52387543440224e-09,1.15053452370167e-08
"Myh9",0.420552677029361,193,-0.423211430724544,-2.84156837728145,0.0171287185501806,0.0411040253517383
"Myl12a",0.542805186590765,1054,0.261962168667464,-1.55238687214205,0.0780630772160468,0.147096960773191
"Myl12b",0.717294900221729,451,1.26454587275139,-38.7791735796422,1.28859092927489e-18,1.73675146933595e-17
"Myl2",0.607631753959958,3303,0.70300703368969,-86.8479746402772,1.15341011562136e-39,3.14702792522381e-38
"Myl3",0.566016911148018,2231,0.405544213352162,-9.78570343384126,9.69087421589261e-06,4.66273460480797e-05
"Myl4",0.322535991140642,43,-1.02748073642211,-1.81882709548465,0.0564864697318623,0.112170764745639
"Myl6",0.526162790697674,430,0.190997225060913,-0.229857449332997,0.497757245794817,0.63893696882742
"Mylk3",0.489943868110996,2893,-0.0856655197105514,-1.52090979056084,0.0811449143229936,0.15179617194424
"Mylk4",0.377837159185843,1520,-0.682638431776849,-40.4789536682688,2.30577076669322e-19,3.22423612209268e-18
"Mynn",0.469221835075494,287,-0.205114429904612,-0.701560391271499,0.236201748057279,0.359009540978364
"Myo10",0.410053173811898,1003,-0.540921939761946,-17.4524386270875,3.46212528921889e-09,2.51422608006667e-08
"Myo16",0.0298953662182362,223,-4.66770293172909,-172.386828545481,5.82470571917457e-77,3.23102684190907e-75
"Myo18a",0.527061914553347,1459,0.127294106272997,-1.22026984660579,0.118235540135397,0.205648340344335
"Myo18b",0.531152113802853,2637,0.219261321155241,-1.54926553218274,0.0783629725121275,0.147496430594896
"Myo19",0.269100529100529,630,-1.47070532146348,-69.5235132670228,4.30142079577145e-32,9.72092134047742e-31
"Myo1b",0.544573643410853,172,0.236067358233525,-0.447558331453251,0.344094496927428,0.480058670417147
"Myo1c",0.490167158308751,339,-0.0147970019280805,-0.148497784268784,0.585772088864373,0.7232712031747
"Myo1d",0.546082949308756,217,0.295455883526171,-0.631368038406379,0.261133823314671,0.388115638194879
"Myo1e",0.377221324717286,619,-0.734077314841379,-19.6586616785852,3.60231119899993e-10,2.86817470553826e-09
"Myo3b",0.0878378378378378,74,-3.33985000288463,-35.714286278002,2.87478858269713e-17,3.64755783876429e-16
"Myo5a",0.24906879513493,877,-1.51652804445798,-114.676099741506,8.25311549053608e-52,3.25852418661636e-50
"Myo5b",0.667976939203354,636,0.986920172956011,-31.8382278682499,1.46626572419939e-15,1.70564567431998e-14
"Myo5c",0.28101180891036,1242,-1.35255971354103,-115.834322107103,2.57896056945199e-52,1.03652594863244e-50
"Myo6",0.418005071851226,1859,-0.463576813996311,-24.4854323942627,2.59792936554024e-12,2.39523377767940e-11
"Myo9a",0.509607081174439,772,0.067976793816007,-0.00255870742773823,0.942971087529926,1
"Myo9b",0.508232489915658,909,0.0968263862929284,0.183188882056811,1,1
"Myocd",0.46716785908796,4277,-0.2226083489645,-43.2721739379967,1.36638626399487e-20,2.02454406267849e-19
"Myom1",0.518311703885454,4663,0.120171966245213,-7.28195084608524,0.000135485327354925,0.000544537435452848
"Myom2",0.505556431266911,1689,-0.0190286277155782,0.358685239988972,1,1
"Myot",0.712592494586236,1822,1.17311644072277,-141.611317720774,1.4905348087158e-63,6.99613261265765e-62
"Myoz2",0.450712492144478,3346,-0.341493376039494,-30.1314196846697,8.2999660586839e-15,9.26944628716911e-14
"Mypn",0.533815693825725,3402,0.153185145982205,-6.82936155236985,0.000219220524554714,0.000850524948445805
"Myrfl",0.808823529411765,170,2.25238716163429,-32.5854125320742,6.86788172833708e-16,8.18778368749529e-15
"Mysm1",0.544392523364486,428,0.316574860393155,-1.07110838017536,0.143294699015498,0.241111561742799
"Myzap",0.352885870499163,4110,-0.811578563802606,-445.219172504685,1.1760395006235e-195,2.19266031338471e-193
"Mzt1",0.518652226233454,277,0.15200309344505,-0.0321739210253611,0.799751467247481,0.906439015225446
"N4bp2",0.487968441814596,338,-0.080782654716046,-0.214237469587431,0.512738222680879,0.654028686931596
"N4bp2l1",0.563163481953291,157,0.405638801276595,-0.839521292950224,0.195051718903961,0.308693231444626
"N4bp2l2",0.498117186323241,2213,-0.0349376357015239,-0.0498980384786591,0.75207448700949,0.867788199554357
"N6amt1",0.45135009310987,358,-0.247092861964773,-2.12328104673554,0.0393298722082353,0.0834369836778189
"Naa15",0.461523881728582,1319,-0.252254567080551,-4.48312964832553,0.00275011078017005,0.00824419095868752
"Naa16",0.449937985441828,1171,-0.277745189209235,-7.15898048570625,0.000154384810947508,0.000611345634855263
"Naa20",0.518177948063006,783,0.104480648540928,-0.149578545315194,0.584411332344747,0.722122397403893
"Naa25",0.488636363636364,396,0,-0.145978174336847,0.588969575062851,0.726017224577017
"Naa30",0.451713395638629,321,-0.308838095446919,-1.88801784720579,0.0519917042889423,0.104885503642207
"Naa35",0.518865363735071,614,0.124136300012106,-0.128146487115714,0.612678446758453,0.748234667875315
"Naa40",0.572622410546139,708,0.381780683350543,-5.94686281663564,0.000563233498222538,0.00198031599794116
"Naa50",0.421997157071784,469,-0.473931188332412,-6.30692723372192,0.000382898120484913,0.00140668428281047
"Naa60",0.497181964573269,414,0.0430687218918857,0.0184054494541783,1,1
"Nab1",0.48342803030303,352,-0.0883558744208468,-0.334136781184213,0.413654170014551,0.554291632888335
"Nabp1",0.503111111111111,675,0.0133893772271789,0.00513330468481854,1,1
"Naca",0.509490481522956,1786,0.0534594674631648,-0.0192873255205086,0.844293726943424,0.943382636131889
"Nacc2",0.481329690346084,366,-0.160077215485965,-0.396110184050144,0.373429578304869,0.512358816349607
"Nadk2",0.501788508830762,639,0.142957953842043,0.694494559610007,1,1
"Nae1",0.571637426900585,342,0.399464695358382,-2.80338381226238,0.017891236722106,0.0425901288575468
"Naf1",0.530612244897959,147,0.23644019582208,-0.136355270112617,0.601519287478309,0.737720442123328
"Nampt",0.63414650807988,1711,0.703781391084195,-45.4748452920671,1.47371876173556e-21,2.27917058266569e-20
"Nap1l4",0.549333333333333,250,0.305413008104345,-0.805036244596295,0.204481612655685,0.320000136196073
"Napb",0.300753904146473,619,-1.18271911365837,-50.8405296550684,6.52210291268146e-24,1.10546350378581e-22
"Napepld",0.572058823529412,170,0.503574173880502,-1.26394585025588,0.111849571035632,0.197043128816579
"Napg",0.47636815920398,268,-0.118644496498619,-0.489302811887768,0.322543297800692,0.456347094190186
"Narf",0.592522913651713,691,0.606780610926847,-8.68613587438028,3.07276214938898e-05,0.000137039066755474
"Nars2",0.494668042655659,969,-0.00234775485642302,-0.217253835093061,0.509785351934272,0.651128312499113
"Nasp",0.447058823529412,425,-0.298341274569746,-2.74925155039654,0.0190327592640839,0.0448710502917216
"Nat10",0.45578231292517,245,-0.264972210075287,-1.1398317333678,0.131080313546566,0.22392747888128
"Nav1",0.455445544554455,202,-0.281770968415379,-1.02038648204675,0.153131815888221,0.253845578721101
"Nav2",0.570084020128151,2266,0.445353817300197,-11.68917589085,1.3306766550001e-06,7.33292422689711e-06
"Nav3",0.495385539536916,109,0.284453389468699,0.63440120172622,1,1
"Naxd",0.607250755287009,331,0.591816171762219,-6.65520042911339,0.00026393792967346,0.00100599170015234
"Nbas",0.487171561051005,1294,-0.101192991413689,-0.712241116177211,0.232667056219315,0.354842372493534
"Nbea",0.416533920804383,1686,-0.494466063367164,-21.9338416299265,3.51342411909395e-11,3.01176279532038e-10
"Nbeal1",0.480868809289387,2770,-0.113701592530084,-2.84773157177051,0.0170088233700415,0.040860136886084
"Nbn",0.493448637316562,318,-0.0382700169277168,-0.126438946760516,0.615055914575872,0.750375910992887
"Nbr1",1,548,Inf,-432.8779728394,2.73040570485703e-190,4.5816207727501e-188
"Ncald",0.68734693877551,490,1.08539149123064,-31.5426460973009,1.97946675634374e-15,2.29467717937464e-14
"Ncapd2",0.389486260454002,279,-0.569614536387721,-7.50618357211607,0.000106808923415101,0.000435806379308301
"Ncbp1",0.534869976359338,282,0.219445137286112,-0.459904485051851,0.337525135476051,0.472760582077474
"Nceh1",0.443070468928312,1836,-0.303935066367494,-12.4682098917865,5.92524335687915e-07,3.38758376587503e-06
"Nck1",0.479718369062631,793,-0.133734801516051,-0.983679235945147,0.160728524630501,0.264090540347594
"Nck2",0.59,425,0.504131426108112,-5.82193942418445,0.000644141452499995,0.0022401437456891
"Nckap1",0.470004701457452,709,-0.134220939760634,-1.72525309825232,0.0632324015244521,0.123368796603474
"Ncl",0.441275167785235,298,-0.321928094887363,-2.43911936595788,0.0271973573188693,0.0608901475397768
"Ncoa1",0.442783656672546,1134,-0.380975663205211,-7.83791711380172,7.51785983067133e-05,0.000315177234125334
"Ncoa2",0.512756320075031,2234,0.0525799151213662,-0.113176500009558,0.634241309558119,0.768416546887021
"Ncoa3",0.440051525961157,841,-0.335420331215476,-7.09197269501647,0.000165778965054225,0.000654919607677433
"Ncoa4",0.369444444444444,180,-0.760812336120575,-6.5736439950484,0.000287935699404664,0.00108757704806083
"Ncoa5",0.501333333333333,250,0.0104923738176419,-0.00988669650388374,0.888171808820303,0.981301922765741
"Ncoa6",0.507625272331155,918,0.00255570490375634,0.0739216619249419,1,1
"Ncor1",0.48961777589374,2359,-0.0307279322300318,-1.21805606999988,0.118569775530084,0.206122852462555
"Ncor2",0.511375661375661,630,0.0966020103809093,0.0113735854927199,1,1
"Ncstn",0.514522821576763,241,0.0565835283663674,-0.0211780481182018,0.836942479639609,0.937196850740917
"Ndc1",0.506329113924051,237,-0.0937821463206161,0.245869517031167,1,1
"Nde1",0.357789855072464,184,-0.816037165157405,-8.29111479850448,4.65854879771324e-05,0.000202121393214294
"Ndel1",0.546094459582198,734,0.304495791414438,-1.8172919504359,0.0565907488351969,0.112278186870187
"Ndfip1",0.489194547707559,1345,-0.101765496314576,-0.482660398827647,0.325849937488505,0.460152489043309
"Ndfip2",0.516014234875445,562,0.0218926058488416,0.0655148799411336,1,1
"Ndnf",0.7375,80,1.54596836910529,-8.91861534745687,2.40628598429588e-05,0.000109168053171263
"Ndrg1",0.282894736842105,76,-1.41503749927884,-7.69717181799621,8.72490735579204e-05,0.000361938060396021
"Ndrg2",0.572414277684092,1186,0.41055010828653,-9.1561930546618,1.87484222380436e-05,8.6845693624395e-05
"Ndrg3",0.387434554973822,955,-0.684358167960069,-24.2838376912298,3.19085446969297e-12,2.93786216743199e-11
"Ndrg4",0.938666666666667,250,3.62449086490779,-116.516813211725,1.29950413177066e-52,5.25438056171367e-51
"Ndst1",0.454954954954955,222,-0.227951946678348,-1.15148680854855,0.12912658188407,0.221265666991544
"Ndufa10",0.52070415765441,1387,0.122034089930724,-0.350310074392382,0.402575393707965,0.543242067263342
"Ndufa12",0.567032967032967,546,0.346802763526392,-3.84278826720322,0.00556638943845225,0.0153372766465072
"Ndufa4",0.512907268170426,722,0.103093492964104,0.115209028709842,1,1
"Ndufa5",0.48705501618123,721,-0.050864082645842,-0.485888941847293,0.324237179772102,0.457971370082145
"Ndufa6",0.458148148148148,675,-0.231473143941859,-2.83292294727983,0.017298372905204,0.041407517453541
"Ndufa7",0.494128274616079,369,-0.042023214895706,-0.0984496503129435,0.65723536871256,0.786860027974798
"Ndufa8",0.519538606403013,354,0.0984898633993634,-0.0973149233047934,0.659090850731962,0.78843810318761
"Ndufa9",0.491666666666667,240,-0.011227255423254,-0.0671965490008688,0.71391991331079,0.83466825607769
"Ndufab1",0.509856630824373,1023,0.0528014157379442,-0.0160839016029968,0.857659866764146,0.954978935919201
"Ndufaf1",0.523952095808383,167,0.0962153152593039,-0.083989309991864,0.681914555727584,0.808801996473501
"Ndufaf2",0.514739229024943,441,0.143835772573652,0.0468785938405745,1,1
"Ndufaf4",0.480458032284617,2272,-0.0865948458924142,-2.60054822599841,0.0225726455262482,0.0517974689819413
"Ndufaf5",0.511752136752137,234,0.0881309102786645,0.00198072834061236,1,1
"Ndufaf6",0.523648648648649,444,0.141832694412959,-0.249859627093599,0.479623505432569,0.620412163750066
"Ndufb1",0.530701754385965,456,0.210217707390346,-0.406488984200564,0.367241275609566,0.506333251670938
"Ndufb10",0.551081424936387,524,0.350716518311987,-1.64237782603141,0.0699260361306104,0.134405370706946
"Ndufb2",0.454448507007922,547,-0.212611400543862,-2.87596018627471,0.0164706423086053,0.0398094890800716
"Ndufb3",0.572519083969466,655,0.411662772498187,-5.48380952786761,0.000927178112746109,0.00310146370280926
"Ndufb5",0.493511759935118,411,-0.0445901510240709,-0.123046078382799,0.619840251611947,0.754646792820494
"Ndufb6",0.461139896373057,193,-0.207442079870477,-0.769369911174749,0.214805477573584,0.333281175560309
"Ndufb8",0.596658711217184,419,0.564128997303991,-6.66525789671431,0.000261121684359154,0.000997523474911009
"Ndufb9",0.338403880070547,756,-0.978341118870226,-39.255041367828,7.95909649617334e-19,1.08359950674068e-17
"Ndufc1",0.433923705722071,367,-0.364411426208877,-3.69045735641384,0.00659196345175185,0.0176698317444722
"Ndufc2",0.515350877192982,342,0.0860398310666914,-0.0627091224801575,0.72323068080118,0.843845071430645
"Ndufs1",0.519828926905132,643,0.089831410229066,-0.205501753886665,0.521460603443112,0.662155682685786
"Ndufs4",0.484351378446115,2375,-0.116935221627797,-1.59378332132837,0.0742003860124256,0.141157185396537
"Ndufv1",0.47700296735905,674,-0.108349722321359,-1.06419926552553,0.144591753772273,0.242867830660535
"Ndufv2",0.406310411488539,1207,-0.53085046141542,-21.5414533646517,5.24686608568925e-11,4.40763018362281e-10
"Ndufv3",0.469359331476323,359,-0.166510337029548,-0.957264484808206,0.166461040048589,0.271449587173501
"Neat1",0.530156227185855,4848,0.173466311513609,-19.9217602571844,2.7514544912665e-10,2.20642324317572e-09
"Neb",0.825546218487395,255,2.88685284237197,-46.6676579558076,4.41444567019285e-22,6.93905370921181e-21
"Nebl",0.558139912959317,2381,0.312323812830265,-10.1338803204562,6.73255449871961e-06,3.29846027703694e-05
"Nectin2",0.402298850574713,87,-0.682809824119301,-1.83128089243411,0.0556480083142341,0.110932412178539
"Nedd1",0.812269031781227,451,2.17164762259132,-89.1898259594907,1.09450235347475e-40,3.08668058677418e-39
"Nedd4",0.497594874639864,2934,-0.0435016386365865,-0.446349908951561,0.344746730082097,0.480668893292695
"Nedd4l",0.533333100999963,1708,0.249832949426982,-0.491684767157039,0.321368335872177,0.454972425727495
"Nedd9",0.567831030471876,1420,0.394524154084507,-7.78447617151801,7.95501912474583e-05,0.000332052788341381
"Nek1",0.483120680489102,1254,-0.0776293368722167,-1.3843001344967,0.0961301892374111,0.173634507578445
"Nek10",0.0336700336700337,99,-5.15987133677839,-85.2940715178847,5.50441855156032e-39,1.47193853856864e-37
"Nek4",0.405857740585774,239,-0.48351723716161,-4.70317605795506,0.00216234999754912,0.00665765742364664
"Nek7",0.541832646520147,1248,0.243431001105144,-2.51865637979836,0.0248069428947515,0.0562894525725395
"Nek9",0.452405797101449,1150,-0.310687381425209,-5.40243288234183,0.00101233665393274,0.00336376416890917
"Nelfa",0.594961240310077,258,0.546143251830628,-4.03056646174156,0.00452248959778524,0.0128188134207494
"Nelfb",0.484593837535014,238,-0.0995356735509141,-0.202388676985692,0.524632288586433,0.665280922159859
"Nemf",0.508626875407697,1022,0.103963229402895,0.308419866538088,1,1
"Nenf",0.385964912280702,228,-0.589811900382553,-6.44792861094959,0.000329310235051896,0.00123123844178153
"Neo1",0.639409330323552,1772,0.8649259380213,-49.8900351575107,1.7029530936655e-23,2.80840814857073e-22
"Nexn",0.535438305975306,3473,0.155478326801774,-6.46847877343862,0.000322158174369473,0.00120867840490101
"Nf1",0.518918232305329,2015,0.0893403378967734,-0.471066484507446,0.331729899641696,0.466492999454235
"Nf2",0.49119373776908,1022,-0.0506260730699681,-0.369342730587277,0.390082297411097,0.529792063986905
"Nfat5",0.499220819697678,2139,-0.0311816552482795,-0.0600784406924504,0.728864401300269,0.848445692252412
"Nfatc1",0.529348757497858,389,0.106915203916513,-0.321376161616001,0.422715894896653,0.56463066398932
"Nfatc2",0.523483628556092,621,0.189661219503575,-0.209549025878459,0.517387442307423,0.658189405586057
"Nfatc3",0.441247002398082,139,-0.293196376344046,-1.16519572867631,0.126869969009228,0.217899496415031
"Nfe2l1",0.58550185873606,538,0.491209179764247,-6.242809554514,0.000410096779398963,0.00149514914900915
"Nfe2l2",0.546005222335527,1541,0.450797262396444,2.28788204786497,1,1
"Nfia",0.490879899931569,3671,-0.0271827583467558,-2.3362053962428,0.0306508732342877,0.0673416239438754
"Nfib",0.499990526717016,3654,-0.00207656752784101,-0.337176766455741,0.411537872464628,0.551896543453063
"Nfic",0.476190476190476,273,-0.136573052875444,-0.488912402600022,0.3227364173672,0.456427904207468
"Nfil3",0.513387978142076,427,0.155973556059716,0.223099665965606,1,1
"Nfix",0.451781170483461,917,-0.197155129837425,-4.79844673272601,0.00194906834614983,0.00606778605721598
"Nfkb1",0.469867235656709,1406,-0.149046271766396,-3.61810390845631,0.00714477283079524,0.0190074178518818
"Nfkbia",0.46242774566474,173,-0.2688167584278,-0.613676069694861,0.26792260257956,0.395751872472272
"Nfkbiz",0.521815008726004,191,0.153350776906796,-0.102441692008398,0.650807661014567,0.781434887429297
"Nfrkb",0.577480490523969,299,0.446064394899468,-2.89051176320748,0.0162001050643994,0.0392262284243322
"Nfs1",0.699266503667482,409,1.20574866521658,-30.3612340812706,6.57157998756745e-15,7.37599412651383e-14
"Nfu1",0.473325062034739,403,-0.197446064206217,-0.750538747521034,0.220505646123037,0.340707618963588
"Nfx1",0.561026478055858,919,0.356893456924859,-4.87955970871508,0.00178435358831239,0.00560701371009023
"Nfxl1",0.512820512820513,247,0,0.0554069895807174,1,1
"Nfyc",0.499611367676201,2545,-0.0438651016796516,-0.00487592124000003,0.921335642995002,1
"Ngdn",0.488215488215488,198,-0.038474147814636,-0.10170932383383,0.651975448255741,0.782277298657943
"Ngly1",0.446551724137931,870,-0.336909486425777,-5.35476439874037,0.00106585170567001,0.00351720582520016
"Nhej1",0.445672191528545,181,-0.350186354928876,-1.34239232777503,0.101310920756779,0.181526668478244
"Nhlrc2",0.408847352024922,1605,-0.537894247064377,-26.4236318513827,3.60520574219417e-13,3.55332466102897e-12
"Nhlrc3",0.458646616541353,133,-0.317482189856171,-0.520589491129897,0.307547430294568,0.440234240165737
"Nhsl1",0.428909952606635,633,-0.432793970083001,-7.31310646336658,0.000131078588526105,0.000529043587605062
"Nid1",0.556354916067146,139,0.376854305390955,-0.658190562515529,0.251242559751017,0.377088564635247
"Nim1k",0.831210191082803,157,2.36118752533459,-42.7643447380979,2.28364165567329e-20,3.34668183250636e-19
"Nin",0.544011544011544,231,0.349746039027124,-0.447610360750332,0.344066452139106,0.480058670417147
"Nipa1",0.408256880733945,109,-0.555215157327104,-2.04889775824957,0.0429391659729548,0.089477703201016
"Nipa2",0.521621621621622,370,0.144046369616707,-0.151784944474628,0.581653028155221,0.719774174959042
"Nipal3",0.686224489795918,196,1.08130010210185,-12.7952987325947,4.22091158960637e-07,2.45500507707435e-06
"Nipbl",0.507745992260918,2412,0.0318152739072066,-0.00495266365714997,0.920721033705285,1
"Nipsnap2",0.559840913098242,2763,0.354901623308736,-12.5542232609241,5.41949539639073e-07,3.1063751580337e-06
"Nisch",0.606828828828829,925,0.599006067645165,-17.2111526537053,4.43610184933847e-09,3.18791387716915e-08
"Nit1",0.474137931034483,174,-0.12417941122073,-0.350908342103196,0.402173934532059,0.542984762031186
"Nkiras1",0.651724137931034,290,0.931613025019749,-12.1613134372369,8.1476346129473e-07,4.61493025502973e-06
"Nktr",0.537683553597651,1816,0.243231256230726,-1.92628308568146,0.049669941012963,0.100964459139615
"Nle1",0.165258215962441,355,-2.28652275875616,-95.2504053972661,2.47181295280027e-43,7.47333717981775e-42
"Nlk",0.515150854234824,1310,0.03887289164429,-0.017930345032255,0.849803470488097,0.948140168112958
"Nln",0.528350515463918,194,0.174678531412948,-0.178715310943289,0.549936676606377,0.68839518339836
"Nlrp5-ps",0.316735822959889,241,-1.13448533218702,-16.7355096236143,7.23338076207449e-09,5.06789683455574e-08
"Nmd3",0.531555555555556,375,0.174874217414046,-0.467283286552629,0.333679108521371,0.468247407812134
"Nme2",0.548297314996726,509,0.345135486048687,-1.38325742818108,0.0962555282551643,0.173814125813469
"Nme7",0.422297297297297,148,-0.482600783091478,-1.99142491090342,0.0459657321454957,0.0950637038862074
"Nmnat1",0.424347826086957,575,-0.389946518316013,-7.53252393131265,0.00010386885763349,0.000424843249503954
"Nmrk1",0.358085808580858,202,-0.794885570095388,-8.68047518220197,3.0911208119074e-05,0.000137766287447028
"Nmrk2",0.444956949569496,271,-0.304854581528422,-1.9442330063585,0.0486188113871633,0.0992184439132382
"Nmt1",0.498511256354394,918,-0.078284756948058,0.202915955790104,1,1
"Nmt2",0.462616822429907,321,-0.21501289097085,-1.19631846071189,0.12190784050499,0.210886799621526
"Nnt",0.558599113180128,2876,0.326313479343879,-13.8921846881281,1.35617376168064e-07,8.30532690547487e-07
"Nob1",0.549974240082432,647,0.254695104921064,-2.18703795297245,0.0364896110401184,0.0782486483390654
"Noc3l",0.550898203592814,167,0.271302021817394,-0.711421224294185,0.232936116039655,0.354930127323079
"Noct",0.663458798455089,1348,1.08637905877226,-49.8623578228232,1.75122115938768e-23,2.88093049554169e-22
"Nod1",0.515923566878981,157,0.0864147518174727,-0.0273297842198019,0.815145017393339,0.91861204780794
"Nol10",0.520419426048565,302,0.0679040645018034,-0.0914126308628624,0.668956414093393,0.797236408273234
"Nol11",0.530023094688222,433,0.16587816837961,-0.496705238358345,0.318910250365828,0.45244675553909
"Nol8",0.521235521235521,259,0.169925001442313,-0.0743921728921464,0.699699798264139,0.822916601708236
"Nol9",0.467441860465116,215,-0.141176062960694,-0.61553972808278,0.267197212229012,0.395202223111751
"Nolc1",0.444444444444444,261,-0.454258809076562,-1.45157820399038,0.0884062853430582,0.162348286517813
"Nom1",0.597315436241611,149,0.510194732319184,-2.39498258767546,0.0286260053487037,0.063516610876198
"Nomo1",0.502840909090909,176,0.0303736490435185,-0.00216912387787715,0.9474850066483,1
"Nop58",0.548484848484848,165,0.346650524298593,-0.482040717059107,0.326160701163215,0.460397608035226
"Nopchap1",0.563582251082251,308,0.264545872751393,-1.79510358302167,0.0581209972136408,0.114906666656246
"Nos1ap",0.50194623655914,1550,0.00358730820775488,-0.0760925774188763,0.696455831478328,0.820827311831876
"Nosip",0.63302752293578,109,0.964376090269279,-3.35953310655017,0.00953875568819806,0.0245679693703704
"Notch3",0.468154761904762,224,-0.233199176293031,-0.569641410273107,0.28580392214807,0.416120591205606
"Nova1",0.5,269,0.0090451396030069,-0.0206960453642182,0.838782961012356,0.938787933018998
"Noxred1",0.61189358372457,213,0.600392541290762,-4.49783563717858,0.0027061985107084,0.00812707132164419
"Npas3",0.309322033898305,118,-0.954912110471462,-8.962883431897,2.2969028237062e-05,0.000104520757645532
"Npat",0.446048632218845,329,-0.272459418623063,-2.26389281999127,0.0333487423902361,0.0726271119154006
"Npepl1",0.457554517133956,428,-0.269920791419034,-1.94278051880758,0.0487029877695376,0.0992996518557522
"Npepps",0.551476793248945,1738,0.32988533350421,-4.8369404681589,0.00186906078507657,0.00585127611447478
"Nphp3",0.703703703703704,135,1.34288771352301,-10.7953819857662,3.37473037028015e-06,1.74642947149733e-05
"Nploc4",0.499175824175824,910,0.0519011019120299,0.0853294745413677,1,1
"Npm1",0.494720965309201,221,-0.119298928372345,0.0639838121042828,1,1
"Nppa",0.513463718820862,56,-0.110182917750422,0.0913025174555173,1,1
"Nppb",0.488164665523156,583,-0.0427949397407867,-0.336100940874076,0.412284982613958,0.552788015042926
"Npr2",0.609144542772861,226,0.629816736505417,-4.58980068291947,0.00244727320252044,0.00744947743098285
"Npr3",0.528769841269841,168,0.165059246270497,-0.119856845810347,0.624412978250865,0.758837571975341
"Nprl3",0.449275362318841,529,-0.265683984247744,-3.35154576347793,0.00962458893556871,0.0247415706378924
"Nptn",0.484396284829721,1615,-0.0736855481330179,-1.37301036876079,0.0974967994931149,0.175677454549742
"Nqo1",0.496212121212121,352,-0.094327382548153,0.0308871941731468,1,1
"Nr1d2",0.56870593955109,1763,0.383241280258682,-11.0197313980252,2.67101963968352e-06,1.40831766076636e-05
"Nr2c1",0.48937074829932,588,-0.0773420885331646,-0.296126179599469,0.441549464716888,0.583976356094533
"Nr2c2",0.507005437055625,797,0.0331668639351994,0.00077222140498634,1,1
"Nr2c2ap",0.479274611398964,193,-0.166649869409452,-0.255012542296754,0.475127997356846,0.617197429506319
"Nr3c1",0.497148145350155,1891,-0.0112491411329594,-0.390331952021825,0.376938171226769,0.515696902827981
"Nr3c2",0.432853961294351,2990,-0.384499517326206,-37.3310845245924,5.58562730494685e-18,7.35112362172613e-17
"Nr4a1",0.517979002624672,635,0.119052671643764,-0.103363444976594,0.649345020035458,0.780359707621923
"Nr4a2",0.381863952566132,413,-0.701918647067006,-8.02458094871758,6.17189389775933e-05,0.000262354349852822
"Nr4a3",0.477575275926689,709,-0.0272471751432233,-0.523556733078749,0.306172819368378,0.438734407258872
"Nr6a1",0.453754442075338,1340,-0.307294824711091,-5.64441183911686,0.000779750711065296,0.00265265421828194
"Nr6a1os",0.450634057971014,368,-0.305889884795591,-2.15831333349445,0.0377416707255673,0.0805475656311631
"Nrap",0.527282122332802,3121,0.010423617008293,1.79943781141765,1,1
"Nras",0.582926829268293,205,0.574470126903514,-2.22315495649022,0.0349767476723239,0.0756083511679994
"Nrbf2",0.51056338028169,142,-0.0188590272513158,0.0490703966674033,1,1
"Nrbp1",0.554401582591494,337,0.297836288376454,-1.56659010630648,0.0767139556158333,0.144961731445235
"Nrdc",0.422517394054396,1054,-0.382400291486492,-13.3275115984943,2.43217647355455e-07,1.44592520838317e-06
"Nrf1",0.499099099099099,370,0.00675736617530909,-0.0400661572375043,0.777118182390587,0.888135065589242
"Nrg4",0.838107638888889,384,2.37280926388955,-91.3854986990748,1.20343904982214e-41,3.49674584519749e-40
"Nrip1",0.510354401323371,1708,0.0466794997467979,-0.0264199323037246,0.818193384125367,0.920656159974764
"Nrp1",0.51237389270573,2117,0.0169770733013574,0.205409477493959,1,1
"Nrxn1",0.694444444444444,126,1.13750352374993,-9.08734066714921,2.01540409488199e-05,9.26533718140267e-05
"Nrxn3",0.617283950617284,27,0.874469117916141,-0.48008372018856,0.327144694915269,0.461495416618598
"Nsd1",0.517934330839568,1604,0.107106555470727,-0.302978060124133,0.436314477797758,0.578534724412989
"Nsd2",0.516279069767442,215,0.122335542924052,-0.0275976105092468,0.814257916997942,0.917920580935538
"Nsd3",0.46577077540933,1079,-0.17329073044301,-3.51551542676953,0.00801092258449886,0.0210041421348065
"Nsf",0.562625050020008,833,0.409274943665138,-4.41187764291828,0.00297334137217763,0.0088266551481894
"Nsmaf",0.496572769953052,1065,0.00216783668271026,-0.197806674395906,0.52936344657709,0.669257384333289
"Nsmce2",0.521806039488966,1476,0.118004695382179,-0.607249573163699,0.270442904510868,0.398509939643676
"Nsmce4a",0.475473801560758,299,-0.222392421336448,-0.366478228758126,0.391926560914145,0.531573271927744
"Nsrp1",0.47675568743818,337,-0.136061549576028,-0.475487460513193,0.329471263662264,0.463959464047643
"Nsun3",0.483766233766234,154,-0.0853914912306442,-0.155424778371327,0.57715933073511,0.715797011805997
"Nsun4",0.418353576248313,247,-0.443988872974973,-3.83861444017327,0.00559219772966145,0.0153957469899457
"Nsun6",0.619047619047619,168,0.57190634789571,-4.11973888619623,0.00409889241467714,0.0117421109207482
"Nt5c2",0.492800547526916,1206,0.0213493201934334,-0.185919869889631,0.542003156245591,0.681429572297611
"Nt5c3",0.478979940247546,781,-0.0450409642234915,-0.951806310815755,0.167674508561702,0.273096651654003
"Nt5c3b",0.504065040650406,123,0.0216950710993196,-0.00141042921853796,0.957642866153681,1
"Nt5dc1",0.341025641025641,1209,-0.917970756552728,-62.3895350519813,5.68885682547236e-29,1.14322176684343e-27
"Nt5dc3",0.607218100210681,1213,0.651073640820113,-20.8678877283987,1.04479615961003e-10,8.5729484392451e-10
"Nt5e",0.847336040359296,1032,2.6801197337615,-223.773195754546,2.46656116508231e-99,1.90293776322212e-97
"Nt5m",0.434818481848185,202,-0.354283468199747,-2.0856099006844,0.0411161879767238,0.0865115528839405
"Ntan1",0.520408163265306,196,0.079434467494405,-0.0595154356479952,0.730087973780923,0.848986569649611
"Ntm",0.548387096774194,93,0.354664881299362,-0.284742096752268,0.4504639569565,0.593194836000005
"Ntmt1",0.399649122807018,380,-0.604515298142556,-8.12807800231093,5.53295290507119e-05,0.000237449999353183
"Ntmt2",0.332840236686391,169,-1.11381989955716,-9.39431579646154,1.46035012132364e-05,6.84010468550193e-05
"Ntn1",0.437417477344662,1339,-0.272357552264143,-10.6936097098419,3.75264381369228e-06,1.92861755570464e-05
"Ntn4",0.192546583850932,161,-2.25022662953317,-33.2577353680242,3.47158239041201e-16,4.19842540620638e-15
"Ntng1",0.00574712643678161,174,-7.59991284218713,-131.340654495172,4.46751596111572e-59,1.89784602094992e-57
"Ntng2",0.550399201596806,167,0.251538766995964,-0.624956815652467,0.263568973875436,0.39095579064131
"Nuak1",0.646650797835571,1189,1.05464421605221,-22.9086768089576,1.29808493761057e-11,1.14985280397125e-10
"Nub1",0.47823596792669,291,-0.199937570508752,-0.380739957346435,0.382865783611285,0.521891783021719
"Nubpl",0.55421686746988,415,0.384961835373406,-1.55300546522705,0.0780037902100086,0.147026520609261
"Nucks1",0.497916666666667,320,0.0157673158583167,-0.0282020526952351,0.812272421479246,0.915990002178881
"Nudcd2",0.383720930232558,215,-0.766509869780222,-6.39767576569287,0.000347481683227152,0.00128998731074151
"Nudcd3",0.62238219895288,764,0.695145418471579,-19.3655405384429,4.86401857221039e-10,3.82734966666778e-09
"Nudt12",0.591463414634146,246,0.513261035366967,-3.50736721046675,0.00808416234809675,0.0211543460742399
"Nudt13",0.562466124661247,738,0.373653578513725,-4.37122979812023,0.00310884902052131,0.00918828473172128
"Nudt21",0.485221674876847,203,-0.0395283641866371,-0.154754115121818,0.577982111769991,0.716685005394453
"Nudt3",0.447482559902942,1099,-0.311619739598559,-7.2516793079119,0.000139909875335059,0.00055930618418637
"Nudt4",0.345770014995245,1736,-1.01820017881323,-70.5157716778003,1.58359732840599e-32,3.61534192797992e-31
"Nudt5",0.519179894179894,252,0.146486088477484,-0.072310924969031,0.703728824891065,0.826785904545568
"Nudt6",0.512861736334405,311,0.0259952085329447,0.0163824438292863,1,1
"Nudt7",0.429790866410585,781,-0.402004935126494,-8.626368375629,3.27225871182828e-05,0.000145260585144123
"Nufip2",0.594539217844303,1298,0.524251086732112,-16.269853061634,1.16782045283648e-08,7.99837844840657e-08
"Numa1",0.463226571767497,843,-0.186135228623571,-2.96103068653065,0.0149524547483914,0.036574663364141
"Numb",0.456143162393162,1248,-0.234182713888582,-5.92978080153262,0.000573660469778287,0.00201381227675307
"Nup133",0.393730886850153,218,-0.647698256069119,-5.37688492194692,0.00104067117291306,0.00344937526547775
"Nup153",0.488529014844804,494,-0.0464593110926597,-0.260682540710377,0.470259957335377,0.613009289888338
"Nup155",0.567251461988304,228,0.362570079384708,-1.64182698708234,0.0699729815888255,0.13445710060813
"Nup188",0.489075630252101,476,0.00521770927101883,-0.146600604758817,0.588176385324652,0.725705863657916
"Nup205",0.514048531289911,261,0.122856747785534,0.010835509653873,1,1
"Nup42",0.473801560758082,299,-0.101879614019214,-0.550520642579272,0.294037699280905,0.426259403363593
"Nup50",0.411660777385159,283,-0.46948528330122,-4.91423020158101,0.00171832118541698,0.00542491617898342
"Nup54",0.473611111111111,300,-0.136688671968381,-0.687007708212775,0.241123175925343,0.364919674590959
"Nup88",0.444290976058932,362,-0.341468281283007,-2.64120285000001,0.021541963707864,0.0498241421113656
"Nup93",0.479567307692308,416,-0.131789872555541,-0.579460418643237,0.281689461743768,0.411388817389417
"Nup98",0.506807351940095,1469,0.0520580285630996,0.0303221793483317,1,1
"Nus1",0.475952100510404,849,-0.126247749199672,-1.50603786769557,0.0826463936422857,0.153833220778431
"Nvl",0.543359123146357,517,0.198471541041362,-1.28772806401696,0.108532813112103,0.192503341255008
"Nxn",0.539234760051881,257,0.244152940075258,-0.503487254522867,0.315628745600837,0.448928877490944
"Oat",0.607886904761905,224,0.570012159255184,-4.47525222195605,0.00277392975894479,0.00830446768155103
"Oaz1",0.375457875457875,182,-0.740912778682869,-5.97403578399593,0.000547039716699231,0.00193248977815013
"Oaz2",0.434343434343434,264,-0.42084312096005,-2.6956239954911,0.0202379916654921,0.0471985406736563
"Obscn",0.481434338534012,3804,-0.0759265181589536,-6.7944596906882,0.000227524568273827,0.000879691763971155
"Obsl1",0.699346405228758,255,1.21987682341766,-19.1111988597463,6.31236944909835e-10,4.90945813932191e-09
"Ociad1",0.449071207430341,646,-0.241008099503795,-4.01532183391794,0.00459924923075022,0.0129761079599813
"Odc1",0.365740740740741,180,-0.748461233004035,-6.68325608786515,0.000256157289499965,0.000980791629848126
"Odf2",0.499081726354454,363,0.0146467759644011,-0.0251320927050074,0.822604207553264,0.92453440071961
"Odf2l",0.569243156199678,414,0.390315069867612,-2.99999475100361,0.0143059635607176,0.0352502303302264
"Odr4",0.473167044595616,441,-0.186413124230882,-0.859319281264675,0.189868386206606,0.302061296093562
"Oga",0.510907504363002,764,0.0254787203169227,0.0351278394895189,1,1
"Ogdh",0.461267342210363,4050,-0.229759221294817,-35.3532583193582,4.14520966532854e-17,5.23966991971473e-16
"Ogdhl",0.967429577464789,568,4.60486205815886,-352.501224923471,2.44283453403937e-155,3.03635285045783e-153
"Ogfod1",0.531802120141343,283,0.186413124230882,-0.354372164090279,0.399860979910964,0.54033962093062
"Ogfrl1",0.651694915254237,295,1.04362693240026,-11.6963448480608,1.32079516955783e-06,7.29044175828305e-06
"Ogn",0.502314814814815,216,0,-0.00510908612707794,0.91948300483344,1
"Oip5os1",0.487145723601706,1329,-0.0962153152593026,-0.75713453662911,0.218488817576941,0.33829225918718
"Ola1",0.41875,320,-0.538095895683182,-4.74368856709395,0.00206890377423361,0.00641111825145707
"Olfml2b",0.683748845798707,361,1.22555970041513,-22.6970323664565,1.61121903083538e-11,1.41736594167327e-10
"Oma1",0.506913580246914,675,0.0183318227722569,0.020311150026032,1,1
"Opa1",0.479397590361446,1245,-0.116171521798748,-1.58585305522502,0.0749241417484054,0.142099700315145
"Opa3",0.550028105677347,593,0.241350579040332,-2.07116041659731,0.0418237906006994,0.087697995161479
"Optn",0.488422251527788,1734,-0.0932322444478277,-0.684914782498709,0.241841168949771,0.365564166139522
"Or5m3b",0.998637602179837,367,8.96289600533726,-333.124341487641,6.53746176123208e-147,7.56542126575684e-145
"Orai1",0.530135301353014,271,0.22097034626725,-0.237294886995159,0.49088320120841,0.63276513280408
"Orc2",0.533096926713948,141,0.259643816633019,-0.129841783439616,0.610337631932856,0.745783030317373
"Orc3",0.525777777777778,375,0.101879614019214,-0.218765912337403,0.508316150449787,0.649746334378018
"Orc4",0.52492130115425,953,0.143779658050373,-0.531428910443083,0.302564286167847,0.434863273824109
"Orc5",0.535714285714286,406,0.138706270831592,-0.577860535960554,0.282354723363237,0.412081953297248
"Orm3",0.0186170212765957,188,-5.61470984411521,-151.820980788209,5.30061520677853e-68,2.67501723818778e-66
"Os9",0.449750312109863,267,-0.217805151840796,-1.60614319057447,0.0730872864182887,0.139364166602146
"Osbp",0.506585677749361,782,0.0633259353688294,0.02212616547979,1,1
"Osbp2",0.74819143016138,599,1.55969574211073,-69.4041838992954,4.85069378311602e-32,1.09254552591526e-30
"Osbpl11",0.550788954635108,676,0.302343698568961,-2.46742209758224,0.0263204353567566,0.0591835048959967
"Osbpl1a",0.47037768327258,1646,-0.166649869409452,-3.79674574579167,0.00585793898320966,0.0159896244226528
"Osbpl2",0.3833795654184,721,-0.708272142888337,-20.0653406981714,2.37528889429293e-10,1.90933401898134e-09
"Osbpl3",0.475413734068861,751,-0.141524575640785,-1.31228899867847,0.105220476400701,0.187430954777469
"Osbpl6",0.547602869007172,883,0.29479838390307,-2.48466897196408,0.0258005214280399,0.0581703392089365
"Osbpl8",0.48169123816373,927,-0.1180374577385,-1.19038240325722,0.12283739565706,0.212058796206324
"Osbpl9",0.550561130182202,2164,0.285781690417705,-5.29576671713039,0.00113606711065121,0.00372692201695549
"Oser1",0.516393442622951,183,0.029146345659516,0.00971404926528407,1,1
"Osgepl1",0.320473718364698,1541,-1.06757658329908,-90.8286096240397,2.10664364453094e-41,6.09473799228091e-40
"Osmr",0.542385057471264,232,0.217356831439149,-0.647760639427474,0.255032937013966,0.381157908975612
"Ostc",0.574468085106383,94,0.494764691749578,-0.856786776200295,0.190522376038185,0.303029902362155
"Ostf1",0.566804407713499,242,0.39231742277876,-1.71878334348628,0.0637294885060949,0.124130100653775
"Otud1",0.498564127524945,587,0.0565835283663669,0.134239365924714,1,1
"Otud4",0.577984176126591,969,0.391397629925871,-9.21590111648538,1.76094418403014e-05,8.18521978061656e-05
"Otud6b",0.53177691309987,257,0.196800707433708,-0.301638319955714,0.437330563437337,0.579767478133795
"Otud7b",0.555492851768247,443,0.298341274569746,-2.05877878866789,0.0424403084903738,0.0886583724206004
"Otulin",0.48117420881396,1127,-0.161629117753016,-0.934624582604101,0.1715610983202,0.278885466680839
"Oxa1l",0.5696316262354,371,0.481869007757053,-2.53481475667746,0.0243485870906387,0.0554368102280757
"Oxct1",0.536389919266457,3450,0.183053861858096,-6.40956545048357,0.000343093057769808,0.00127722717900774
"Oxld1",0.442166140904311,317,-0.310642287340848,-2.59561972747076,0.0227010204579373,0.052038678044288
"Oxnad1",0.524710830704522,317,0.133025418630783,-0.215535546008198,0.511463847238669,0.652651205830027
"Oxr1",0.523466864490603,674,0.136171395270348,-0.236839826096571,0.491299209254002,0.632936716413217
"Oxsr1",0.446359223300971,618,-0.276840205358824,-4.21033368495318,0.00370979598841792,0.0107653050904717
"P2rx4",0.675873015873016,630,1.1637198519156,-34.5286461991965,9.56442291208909e-17,1.18662489068285e-15
"P2rx5",0.34212730318258,199,-0.814444346843924,-9.57199708822179,1.21218318897297e-05,5.7377810750258e-05
"P2ry2",0.616935483870968,124,0.765534746362977,-2.92121656247795,0.0156441786022024,0.0380724172509002
"P3h1",0.508547008547009,117,0.20163386116965,0.163743545176729,1,1
"P4ha1",0.470152784240732,1228,-0.102067394029747,-2.70077644093976,0.0201188431538702,0.0469859691192683
"P4ha2",0.499793473771169,807,-0.00603638973066856,-0.0662507391222107,0.71585239018895,0.836636121007876
"P4hb",0.457661290322581,248,-0.156401557342567,-1.05134619449527,0.147040020597104,0.245811361954611
"P4htm",0.396396396396396,111,-0.526068811667588,-2.59135920902199,0.0228126059149096,0.0522587750514927
"Pabpc1",0.449416342412451,257,-0.36388341132874,-1.56572229998173,0.0767956622587287,0.145039412785386
"Pabpc4",0.493259803921569,272,-0.00971515483321195,-0.0846342052646492,0.68076281441441,0.807721408935747
"Pabpn1",0.606521739130435,230,0.594946589293778,-4.54410436265755,0.00257262719862372,0.00776764451514278
"Pacrg",0.41427255985267,362,-0.425763905871902,-5.73282993928166,0.000708940532862705,0.00243770945521233
"Pacs1",0.519512862616311,609,0.0713050340731334,-0.14244155865299,0.593518364714441,0.730417173443955
"Pacs2",0.594632768361582,354,0.584962500721156,-5.31896630766249,0.00110791456395683,0.00363990335451701
"Pacsin2",0.387903861308117,423,-0.633217669328377,-10.9575762575989,2.84974856749668e-06,1.49784748512433e-05
"Pacsin3",0.476976976976977,333,-0.146015023605453,-0.536411944942415,0.300308466044467,0.43309650083584
"Pafah1b1",0.517743469174504,2900,0.0902717050363419,-0.34083394070376,0.409012986202108,0.549828792987893
"Pafah1b2",0.504464285714286,336,-0.0315355734331071,0.063694218732735,1,1
"Pag1",0.627407407407407,225,0.77887254590013,-6.44384914549508,0.000330748945173013,0.00123469795328213
"Pah",0.0901937524713325,843,-3.22787235065159,-488.543973887339,1.71623936910142e-214,3.29125675583107e-212
"Paics",0.551837270341207,254,0.29589023398584,-0.984323274935548,0.160591596366087,0.263994806468081
"Paip1",0.537902661064426,680,0.307822327580632,-0.739395888899139,0.223963655586136,0.344385809002095
"Paip2",0.550015664160401,1216,0.291985779529923,-3.82314918193447,0.00568889355190312,0.015594841097011
"Paip2b",0.547554347826087,184,0.215728691055437,-0.614277153013404,0.2676883754473,0.395667116494666
"Pak2",0.500119388729704,698,0.0169930709133053,-0.0527864723876519,0.745241691427009,0.862277102115728
"Pak5",0.979166666666667,120,5.20945336562895,-106.323386229662,3.63439285985696e-48,1.29755557847659e-46
"Pak6",0.623475609756098,164,0.732716121164849,-4.45379975411808,0.00283986326207686,0.00848293823545167
"Pakap",0.488363463930671,2703,-0.0487225896516107,-1.99738785609406,0.0456415265891353,0.0944346259143885
"Palld",0.465606533501234,4581,-0.198177706785983,-48.2983030923569,8.49938433155179e-23,1.35184520458236e-21
"Palmd",0.541791874391152,1385,0.227906182430192,-2.65122258793281,0.0212955095405449,0.0493077387559724
"Pals1",0.635067935067935,1443,0.787919085959707,-40.6671577260684,1.90588325987029e-19,2.67621097076348e-18
"Pals2",0.604672897196262,856,0.604502687116801,-14.3830681530187,8.16666378027136e-08,5.1324576117211e-07
"Pam",0.452136637770217,3608,-0.272603001555711,-39.064289005556,9.65470021889358e-19,1.3091383407922e-17
"Pan2",0.524056224899598,415,0.0293838067810936,0.0389861618678538,1,1
"Pan3",0.462172566741987,2276,-0.216464666095445,-7.7244537360416,8.47659299919989e-05,0.000352508625840333
"Pank1",0.538490917484206,2235,0.281880380919323,-1.1221324052508,0.134110635117839,0.227943930846021
"Pank2",0.507664783427495,885,0.00539325877021835,0.0872382859151912,1,1
"Pank3",0.554945054945055,182,0.268488835925902,-0.811120517945852,0.202779590052287,0.318078197810458
"Pank4",0.557291666666667,336,0.366597144221091,-1.60790526446124,0.0729300633310427,0.139103888911042
"Papola",0.512279966471081,1193,0.0570891922068206,-0.0782128265618667,0.692468881533748,0.817611941779028
"Paqr9",0.402705061082024,382,-0.486499861835468,-7.33225529520121,0.000128442014129825,0.000519965499903126
"Pard3",0.537980448789158,2572,0.226635645103787,-3.26170366655742,0.010646384142836,0.0271498975557429
"Parg",0.945848375451264,277,4.27301849440642,-148.160022199503,2.08701708483958e-66,1.0224860345579e-64
"Park7",0.46680216802168,246,-0.26104585274034,-0.746643714371771,0.221707096455618,0.341698744296236
"Parl",0.544758539458186,283,0.298223834296094,-0.751230900321929,0.220292961899022,0.340535780807516
"Parm1",0.553858254677927,671,0.341761617104802,-2.57150639800295,0.0233401094027714,0.0533760866478371
"Parn",0.499211977935382,423,0,-0.0341393801563186,0.793859587310798,0.901283076798051
"Parp2",0.512755102040816,196,0.140177658048261,0.036748208522539,1,1
"Parp3",0.560228452751817,321,0.346557761396077,-1.83740085521231,0.0552408241293231,0.110186154994359
"Parp4",0.355122445384073,1376,-0.972837669017474,-49.859831495522,1.75569453762205e-23,2.8812278084399e-22
"Parp6",0.541584158415842,505,0.261161991501023,-1.08888646898021,0.140016943584269,0.236723860286553
"Parp8",0.482636403692599,1477,-0.167833322546771,-0.593467931940268,0.275948501285845,0.40511074816942
"Parva",0.491268462206777,1151,-0.1013156799962,-0.278418594265986,0.455537401721676,0.598281652873798
"Parvb",0.525867837724801,797,0.177223083434327,-0.454448410237319,0.340407294222137,0.476341910857327
"Patj",0.682945205479452,730,1.11807299380103,-43.6882201200419,8.97127892383927e-21,1.33811609192909e-19
"Patl1",0.468518518518519,720,-0.241888596962245,-1.77122435063643,0.059817091743882,0.117672363687448
"Paxbp1",0.483207676490747,1459,-0.0496523006470988,-1.40641998546198,0.0935126960990015,0.169774740659047
"Paxip1",0.475925925925926,360,-0.1716113780702,-0.595822118937747,0.274998144776461,0.403980640783456
"Pbld2",0.305882352941176,170,-1.31667236943587,-13.6468504350807,1.74779869468534e-07,1.05582881664265e-06
"Pbrm1",0.514847642219905,1644,0.0535084070905754,-0.118427980594333,0.62648618463692,0.760668464414437
"Pbx1",0.498578994216885,3771,-0.0116037715611934,-1.11175283516059,0.135924111268525,0.230675761020061
"Pbx3",0.583521202361782,621,0.422112025039114,-7.18701821140098,0.00014985437671377,0.000595866455274186
"Pcbd2",0.578327075511055,799,0.497921932279594,-6.87536739132054,0.000208739150667493,0.000814094816548643
"Pcbp2",0.521279505483986,1741,0.0908248511969272,-0.488769671285809,0.322807058806184,0.456431636550896
"Pcca",0.517374631268437,1130,0.148454539866209,-0.0877502670089143,0.675268870943915,0.803048310024018
"Pccb",0.4765625,384,-0.0736570417253093,-0.588602678807604,0.277925664371853,0.407088305566867
"Pcdh7",0.571565148030275,5097,0.432105033363311,-209.557298585558,3.80333990644816e-93,2.6871597317979e-91
"Pcdh9",0.511398176291793,329,-0.0832555036493527,0.452085397919802,1,1
"Pcdhga7",0.467647058823529,170,-0.160464672193246,-0.49372517150087,0.320366332360843,0.454032690626262
"Pcf11",0.454653828519028,727,-0.209355146270851,-3.65121833526371,0.00688611626757789,0.0183848895735811
"Pcgf3",0.4453125,480,-0.317029295474523,-3.53710722321682,0.00782010987320499,0.0205918310980588
"Pcgf5",0.451702147648829,2757,-0.314365540486276,-13.1824965698893,2.82616521172822e-07,1.67424721104323e-06
"Pcgf6",0.372628726287263,123,-0.765534746362977,-4.27700934616185,0.0034476029583112,0.0100829242074879
"Pcid2",0.477112676056338,284,-0.096215315259303,-0.459528577073257,0.337722654627577,0.472938547435906
"Pcm1",0.480565329580108,1421,-0.122373998896676,-1.42862144651463,0.0909632899542712,0.166225320493621
"Pcmt1",0.522569444444444,720,0.126661964102508,-0.351493426087472,0.401781885009717,0.542607648327006
"Pcmtd1",0.468641114982578,287,-0.203795202459117,-0.779276828261914,0.211877118468678,0.329575717071094
"Pcmtd2",0.495661605206074,922,-0.0103234432687613,-0.20149948150879,0.525544517630008,0.66593445390459
"Pcnp",0.4702154626109,789,-0.204482223478681,-1.72327129457494,0.0633842276863025,0.123565186241784
"Pcnt",0.504212055192447,918,0.0328761562466888,-0.00635803845943883,0.910216404304364,1
"Pcnx1",0.457167427167427,2035,-0.255778589830995,-7.59952285214376,9.67523020245497e-05,0.000398405798275324
"Pcnx4",0.533333333333333,105,0.0489096004809468,-0.0236908562203837,0.827683584411581,0.928843373778722
"Pcolce2",0.147619047619048,350,-2.61890983264449,-133.800928872079,3.78078858728574e-60,1.64783461025077e-58
"Pcp4l1",0.424976258309592,351,-0.458157715648664,-3.83715085246172,0.00560127649452132,0.015408101570175
"Pcsk5",0.409448818897638,127,-0.593679717822265,-2.27958526569316,0.0327429276838028,0.0714004322981431
"Pcsk6",0.535294117647059,170,0.0951572330403403,-0.163688038631392,0.567208249032992,0.706034307395069
"Pcsk7",0.370234929078014,752,-0.738687187498055,-26.349496051168,3.88790575601881e-13,3.82633774697922e-12
"Pcx",0.417643710870802,753,-0.533123569201538,-10.7274892794102,3.62234292634739e-06,1.86737063914314e-05
"Pcyt1a",0.461777417612102,617,-0.215609059641057,-2.43581161599457,0.0273018079312898,0.0611036128158777
"Pcyt2",0.444892086330935,695,-0.280552167091824,-5.0095825538084,0.00154919676849564,0.00493742103995383
"Pdcd10",0.506711409395973,447,0.10904275929529,0.140592426698788,1,1
"Pdcd11",0.539825046040516,362,0.256339753259786,-0.763035133117683,0.216703187166592,0.335914963570939
"Pdcd2l",0.387212643678161,232,-0.652076696579693,-6.39969014323265,0.000346734188685447,0.00128792466765729
"Pdcd4",0.464583333333333,400,-0.229278806921688,-1.40047112605748,0.09420892759155,0.170807758507424
"Pdcd6ip",0.507214323328067,633,0.0498191214086448,0.00489404753534473,1,1
"Pde10a",0.431591306239083,828,-0.486738964633032,-4.51268341654441,0.00266258487092239,0.008010430145061
"Pde11a",0.827810407982822,377,2.23292308882862,-74.3252257105884,3.41938143436738e-34,8.25571517535032e-33
"Pde1a",0.618923611111111,192,0.675870996919366,-4.82832677895394,0.00188666991401691,0.00590089863135203
"Pde3a",0.491486607844858,3987,-0.0899651349865744,-3.13888864869296,0.0122261352549005,0.0306315116949952
"Pde3b",0.596120689655172,232,0.68449817427207,-3.15864849123673,0.0119565754077768,0.0300458757532752
"Pde4a",0.55952380952381,713,0.395019605701886,-3.4221651601448,0.00889230268020973,0.023080098835873
"Pde4b",0.468493933185413,4263,-0.155630833335193,-29.4266115232667,1.69883267605487e-14,1.85407559702119e-13
"Pde4dip",0.5956121231575,3693,0.566791679272298,-95.1630319521673,2.69872510864843e-43,8.12279951984226e-42
"Pde6d",0.435037273695421,313,-0.318271071279273,-3.09166146860781,0.0128959867734021,0.0320881016630437
"Pde7a",0.489175642403987,3311,0.0450787405678215,0.417396521452247,1,1
"Pde7b",0.32849176339441,3776,-0.911487322521421,-391.208032996259,3.59068964461071e-172,5.02098101971398e-170
"Pde8a",0.583533203417778,953,0.517151716931535,-10.1579144571394,6.56551750440235e-06,3.22132700946992e-05
"Pdgfa",0.382222222222222,225,-0.633217669328377,-6.65609721747674,0.000263685576780399,0.00100560090417616
"Pdgfc",0.419170243204578,233,-0.501821265420911,-3.49614862396967,0.00818612217077904,0.0213961261722231
"Pdgfd",0.629851351655863,1197,0.540914475892583,-30.7534052558153,4.41214374356371e-15,5.01937437403383e-14
"Pdhx",0.544011725293132,796,0.251283400141436,-1.88426249278075,0.0522256683705037,0.105203687305769
"Pdia3",0.494948717948718,650,-0.0632424339918192,-0.0626140478842672,0.723431949072513,0.8438782137947
"Pdik1l",0.53547619047619,140,0.298341274569746,-0.130215659013516,0.609823988323997,0.745426809257088
"Pdk1",0.469180327868852,610,-0.148701730354799,-1.63091110702476,0.070910287208886,0.135946828833488
"Pdk2",0.490777576853526,553,0.0140751852117225,-0.123835069657389,0.618720402797444,0.753830340093746
"Pdk4",0.494925369871094,2872,-0.289525409749853,7.31768340268445,1,1
"Pdlim1",0.448889695649543,787,-0.241008099503795,-5.08200992078162,0.00143208029904636,0.00461234307447176
"Pdlim3",0.191921046501616,1749,-2.21859585324837,-320.105699237482,3.00582590858081e-141,3.41950906752448e-139
"Pdlim5",0.546643464145175,4959,0.233123597450489,-59.6143684604867,9.33231063650343e-28,1.81560779687568e-26
"Pdp1",0.46505376344086,124,-0.189824558880018,-0.440946322740601,0.347683822632981,0.484361522937437
"Pdp2",0.423758865248227,188,-0.359081093304829,-2.46825684118431,0.0262950226651998,0.0591461769868704
"Pdpk1",0.496796218487395,952,-0.0769619818148839,0.170347902618914,1,1
"Pds5a",0.511837566635309,1063,0.0775491194642637,-0.0264218102015548,0.818187035948504,0.920656159974764
"Pds5b",0.439307458143075,876,-0.41203501111732,-6.7087700852976,0.000249282369865921,0.000957198665068686
"Pdss1",0.332095709570957,404,-1.122255750051,-23.6190358562491,6.2867403584213e-12,5.67158619431771e-11
"Pdss2",0.505765340525961,1483,0.00966864823803348,0.0994555031793425,1,1
"Pdxdc1",0.526004728132388,564,0.162474696957105,-0.384176543576245,0.380727020658424,0.51982094439775
"Pdxk",0.443097014925373,268,-0.179978666106236,-1.74175796836644,0.0619829147188635,0.121255996383856
"Pdzd2",0.463003674778715,2569,-0.20193232186512,-10.3196771674598,5.54446156032063e-06,2.74645210279499e-05
"Pdzrn3",0.450471150223099,3300,-0.325684416624904,-27.4035286031694,1.32962468306186e-13,1.35836238549638e-12
"Pdzrn4",0.641944224980951,1342,0.655140828791828,-45.0878013261399,2.17932932288509e-21,3.33204064127671e-20
"Peak1",0.539044289044289,286,0.17536708651056,-0.49057935147124,0.321912908410646,0.455551221010386
"Pecam1",0.620923913043478,184,0.726239187573148,-4.51786790570173,0.00264752468936325,0.00797584637118766
"Peli1",0.537458033573141,695,0.226331522871351,-1.27160566998748,0.110769289959451,0.19570504717237
"Peli2",0.484121464997682,719,-0.0856645922303167,-0.699209639581454,0.236988414176415,0.359960677970604
"Per1",0.561458333333333,320,0.388697107100064,-1.75891300668843,0.0607120341630741,0.119186654958337
"Per2",0.565490924092409,808,0.419314689013834,-5.0300291076494,0.00151518438638342,0.00484281790543121
"Per3",0.522502074615534,1798,0.0804817960637321,-0.487126288313448,0.323621883669004,0.457294754355022
"Perm1",0.706946454413893,691,1.27138648626757,-51.0812737579761,5.11478277321998e-24,8.73547632922456e-23
"Pet117",0.550724637681159,138,0.31315788525963,-0.508132976046227,0.313406376205464,0.446336430530676
"Pex1",0.503253796095445,461,0.0783049954997894,0.092928744550818,1,1
"Pex11a",0.402610441767068,249,-0.589367679841157,-5.36415475624776,0.00105508792337475,0.00348854686782823
"Pex13",0.369349503858875,907,-0.787760295024443,-31.3117815798435,2.50241558518138e-15,2.89091452800988e-14
"Pex14",0.5167089678511,788,0.0711123021189506,-0.109345925692196,0.640038474690465,0.772789753934593
"Pex19",0.510489510489511,429,0.0923147499836796,0.0169280631120614,1,1
"Pex2",0.475347222222222,480,-0.165517899919531,-0.900004331747198,0.179711447508313,0.289748555290847
"Pex26",0.542553191489362,94,0.273018494406416,-0.234771572561542,0.493197418243899,0.634756477078185
"Pex3",0.507246376811594,299,0.0708213371896962,0.0205151950799518,1,1
"Pex5",0.535714285714286,168,0.158697746019058,-0.25951869636225,0.47125259191473,0.613559923148384
"Pex5l",0.4,70,-0.598637437618233,-1.59118267316994,0.0744369033160681,0.141415367975502
"Pex7",0.543413516609393,873,0.220729372113803,-2.25004732329216,0.0338929775213353,0.0736212508489329
"Pfas",0.525456292026897,347,0.130894066850952,-0.253704454342369,0.476262676059159,0.617576950851758
"Pfdn1",0.620107323232323,528,0.710157989326604,-13.1805992815978,2.83172299653258e-07,1.67606038383833e-06
"Pfdn2",0.45440251572327,212,-0.269760269022107,-1.05188369177424,0.146936705828774,0.245761068906735
"Pfkfb2",0.281876880583777,3219,-1.31922412730938,-383.579123759515,7.45824224538654e-169,9.81563175510479e-167
"Pfkfb3",0.475609756097561,164,-0.204358498506187,-0.264851593022129,0.466731672952988,0.610068741744976
"Pfkl",0.45757299270073,548,-0.245873854675611,-2.33432667793375,0.0307180046021128,0.0674449613638801
"Pfkm",0.616501240694789,806,0.608502057527789,-17.7034792689464,2.67529386855168e-09,1.97542051108018e-08
"Pfkp",0.547304266291608,711,0.249171752452048,-1.84663520488061,0.0546323965433898,0.109167206192091
"Pfn2",0.495726495726496,156,0.0343515047907772,-0.00206587408496262,0.948748332536492,1
"Pgam1",0.352813852813853,231,-0.886618200582258,-10.7079898462136,3.69677290049727e-06,1.90281746228049e-05
"Pgam2",0.504444444444444,150,-0.0179219079972626,0.0095967357258786,1,1
"Pgam5",0.525806451612903,155,0.217230716220669,-0.0613397853796016,0.726146256234346,0.846015218164369
"Pgap4",0.481308411214953,214,-0.171368418311981,-0.212598343919154,0.514355322187896,0.655219761344687
"Pgd",0.195260663507109,211,-2.04730571477836,-42.585364487215,2.73683509109855e-20,3.97611193321503e-19
"Pggt1b",0.497037037037037,450,-0.0116818050476351,-0.0833276217201728,0.683101668818136,0.809637718719288
"Pgm1",0.520908543922984,1108,0.198458837179285,0.344903122472488,1,1
"Pgm2",0.632098765432099,135,0.68449817427207,-4.19446349898202,0.00377513698813662,0.0109407251573286
"Pgm5",0.584072771284844,1259,0.48851886987745,-12.8889248597829,3.83059474519258e-07,2.23379252213142e-06
"Pgpep1",0.297680097680098,273,-1.08828653241796,-21.6345731555068,4.77046789398876e-11,4.02253523925283e-10
"Pgrmc2",0.372093023255814,129,-0.879705766282289,-4.58388210099427,0.00246315306563514,0.00749102101338607
"Phactr2",0.440046000209552,2782,-0.404669211920904,-20.3890260651078,1.70537712481798e-10,1.38075889768134e-09
"Phactr3",0.1640625,64,-2.41503749927884,-16.0394257362244,1.48040121084703e-08,1.00064984161181e-07
"Phactr4",0.460611510791367,556,-0.225811941877596,-2.16424272002723,0.0374795813482213,0.0800391186793705
"Phaf1",0.509826152683296,441,0.0118741002882921,0.0442139587326551,1,1
"Phax",0.536111111111111,180,0.145850866463454,-0.274090879852679,0.45906157926306,0.601566052325978
"Phb1",0.337239583333333,512,-0.945688880122176,-28.4679294981148,4.50260349700613e-14,4.75890996837131e-13
"Phb2",0.588855421686747,332,0.5231464931194,-4.21185905548339,0.00370357661027988,0.0107519057993938
"Phc3",0.498554561857692,1214,-0.00528137883605595,-0.178041998254002,0.550689168460773,0.68908010788753
"Phf12",0.527777777777778,576,0.174137252729227,-0.522801418685731,0.306521970869558,0.439047261732068
"Phf14",0.484625771604938,1728,-0.107490326523646,-1.36170012356706,0.0988871570483701,0.17780882675373
"Phf2",0.512919896640827,387,0.126757142285939,0.0371311223792645,1,1
"Phf20",0.667203742203742,962,1.04629365227394,-43.7513662377928,8.41634461873459e-21,1.2581404249654e-19
"Phf20l1",0.443514977692798,2615,-0.320446265964913,-17.2649983400729,4.19732832760569e-09,3.02279696726281e-08
"Phf21a",0.558776518453938,1147,0.337034987277571,-5.2005354196192,0.00125942257249754,0.00408764231460518
"Phip",0.48388518024032,1070,-0.107505625467985,-0.92358011269539,0.174114038504531,0.282488137887941
"Phkb",0.471643351021064,2073,-0.159598968572377,-4.2944436415637,0.00338220610092905,0.0099002910376955
"Phkg1",0.711511216056671,847,1.32704101828101,-66.7250723636715,7.20699585720401e-31,1.56548078296289e-29
"Phlda1",0.568004653868528,573,0.406141098790447,-2.63208297636106,0.0217688514309456,0.0502623084982823
"Phldb1",0.51435664939551,772,0.0846971645752816,-0.0462734881940605,0.760963834597197,0.874587201680888
"Phldb2",0.565359477124183,204,0.418713157422242,-1.42273137220673,0.0916322085324253,0.167174608227681
"Phlpp1",0.555952689286023,1287,0.38984916718801,-3.41651750079109,0.00894870825653383,0.0231995866426632
"Phlpp2",0.526905829596413,223,0.161751069996612,-0.181549037947804,0.546790657700937,0.685689647330291
"Phospho2",0.486725663716814,226,-0.194172547688989,0.108773507749589,1,1
"Phrf1",0.511598857958601,467,0.0931094043914813,0.0176694148747174,1,1
"Phtf1",0.446078431372549,102,-0.253756592245783,-0.693618395051232,0.238872294395443,0.362412034354026
"Phtf2",0.549142276541266,1782,0.173234590852893,-5.00019749300418,0.00156506654188231,0.00498563200242716
"Phyh",0.359673790776153,889,-0.881568510299477,-34.587440184825,9.01084299100671e-17,1.12001441028957e-15
"Phyhd1",0.460031809159074,2263,-0.193980288626215,-8.7773348075757,2.79164374831592e-05,0.000125167086430838
"Phykpl",0.470198675496689,302,-0.148322746957101,-0.762309691567054,0.216921779077124,0.336176167436079
"Pi4k2a",0.520276953511375,337,0.0634253801416342,-0.0758428383822434,0.696929642098058,0.821097377174331
"Pi4k2b",0.547101449275362,92,0.0524674198941355,-0.042066722918193,0.771772126770959,0.883831174694877
"Pi4ka",0.488681292994056,1426,-0.0705327440693466,-0.836715761419327,0.195799539995832,0.309516371279327
"Pi4kb",0.452656323460273,709,-0.268558452305431,-4.0611245112425,0.00437252818402438,0.012456879953808
"Pias1",0.557698607698608,1221,0.370562870138239,-5.13304134566715,0.0013549819662195,0.00437663087452612
"Pias2",0.459992629898047,1163,-0.216950984458529,-4.55335056434728,0.00254674756201153,0.00769989623253216
"Pias4",0.525641025641026,247,0.112209503586025,-0.139523062872343,0.597327102243112,0.734162151667418
"Picalm",0.697547098119517,1699,1.62818607637167,-57.1844045184562,1.08192522396256e-26,2.04560059246105e-25
"Pick1",0.542989417989418,252,0.307667401762193,-0.61432946292112,0.267668003663716,0.395667116494666
"Pid1",0.547232373403334,427,0.371448230731161,-0.492887293782587,0.320777299698198,0.454347941132142
"Piezo1",0.556666666666667,150,0.192645077942396,-0.59203304730687,0.276529771408087,0.405786581917595
"Pigb",0.463636363636364,165,-0.300659478133711,-0.494269434766267,0.320099749927732,0.453750690921845
"Pigg",0.52323717948718,208,0.0890050060587448,-0.0968315951378713,0.659885104651509,0.78909295148263
"Pigk",0.627551020408163,490,0.678071905112637,-13.8590646858336,1.40341304198889e-07,8.57116318273831e-07
"Pigl",0.392344497607655,209,-0.590124205836934,-5.40510299960607,0.00100942070031806,0.00335739927677641
"Pign",0.442830746489283,902,-0.390640844971377,-6.27608689636804,0.000395745670318894,0.0014491243530717
"Pigp",0.698744769874477,239,1.24511249783653,-17.6838065359411,2.72988688246628e-09,2.01351656649601e-08
"Pigu",0.463574879227053,690,-0.236574036877381,-2.50668235608612,0.0251523752381008,0.0569385303872285
"Pigx",0.405027932960894,179,-0.554200246950469,-3.60037995378136,0.00728727170377427,0.0193328725991039
"Pik3c2a",0.4756,625,-0.190102883379943,-0.89579877839958,0.180731637671646,0.290764801546522
"Pik3c3",0.517175572519084,262,0.0299532221016285,0.0131100917116953,1,1
"Pik3ca",0.515911237016053,1059,0.0671141958585371,-0.110848537411584,0.637749863822459,0.770802224600151
"Pik3cd",0.183431952662722,169,-2.19793937761191,-43.989539179951,6.61504612298727e-21,9.93292831711198e-20
"Pik3ip1",0.584123222748815,422,0.547094315130713,-4.72377149164492,0.00211432145920985,0.00652474741803057
"Pik3r1",0.45659649122807,950,-0.203655858754862,-4.00073896978984,0.00467391849819966,0.0131480892539464
"Pik3r3",0.465723270440252,318,-0.15728079219009,-1.00423761323776,0.156422462655636,0.258534245098407
"Pikfyve",0.392655367231638,590,-0.559606926444261,-14.4884109029535,7.32495162693784e-08,4.61643899718374e-07
"Pim1",0.556169429097606,181,0.371968777386958,-0.816432153769455,0.201307331890686,0.316212218968005
"Pink1",0.543715846994536,122,0.247927513443585,-0.312362680174658,0.429296713481703,0.571108970118984
"Pinx1",0.584942084942085,259,0.550197082560479,-3.08654978297434,0.0129707162528853,0.0322323019212758
"Pip4k2a",0.468050065876153,253,-0.133855746734791,-0.678791457001182,0.243956823294876,0.368294691397932
"Pip4p2",0.463134057971014,552,-0.199009493898497,-1.84235284242345,0.0549136623050846,0.109614777647383
"Pip5k1a",0.528813559322034,885,0.123697724224904,-0.748929489224111,0.221001087146933,0.341237473413898
"Pip5k1b",0.510957100447775,2952,0.0394842052346471,-0.0385427952551254,0.781286482245781,0.89066640589773
"Pirt",0.205225522552255,303,-1.86977742259142,-56.3380556894656,2.54065129352966e-26,4.71073245363842e-25
"Pitpna",0.542106586224233,663,0.211328754839088,-1.61823078115526,0.0720160181653011,0.137555923143284
"Pitpnb",0.514290301862556,519,0.0495820288505611,-0.031264707515902,0.802541858900585,0.908374528995063
"Pitpnc1",0.447642993979201,1972,-0.276432261049337,-11.8376690593605,1.14034534770491e-06,6.34659865157163e-06
"Pitpnm2",0.574369142033165,1387,0.45182953064848,-10.3603388752967,5.31390640561392e-06,2.64787971748186e-05
"Pitrm1",0.554869684499314,243,0.319459839296613,-1.14596572485414,0.130048000505554,0.222503741879499
"Pja2",0.462499684892485,1889,-0.203559906173211,-6.06505808615475,0.000496140291446214,0.00177226909855614
"Pkd1",0.501409443269908,473,0.0277984523435721,-0.0132855468217485,0.87051337820572,0.96640519260946
"Pkd1l3",0.457142857142857,105,-0.199308808223406,-0.493095694192604,0.320675017409106,0.454347941132142
"Pkd2",0.771010387157696,353,1.673318375142,-48.8200163918414,5.01791130783624e-23,8.09620689860501e-22
"Pkd2l2",0.8502331002331,715,2.48424638659636,-223.721898996737,2.59668549387114e-99,1.98056284487081e-97
"Pkdcc",0.460573476702509,279,-0.270357746639653,-1.13376194917626,0.132110827625751,0.225271520621971
"Pkia",0.394165155797295,1786,-0.796430534480807,-28.0425497385586,6.94011005885832e-14,7.19969377357914e-13
"Pkig",0.534247491638796,1495,0.224664545143447,-2.02545907419835,0.04414732757345,0.0917389667718256
"Pkm",0.496813031161473,706,-0.0343515047907772,-0.153473010692892,0.579560303110497,0.717581397247308
"Pkn1",0.592702169625247,338,0.559427408614019,-4.73066801672184,0.0020984817171504,0.00649078768917672
"Pkn2",0.496792189679219,956,-0.0420352197972123,-0.135631004946163,0.602486459133436,0.738744814341181
"Pknox2",0.566201353637902,394,0.404545125461202,-2.63266624849399,0.0217542667583234,0.0502623084982823
"Pkp4",0.393973214285714,1088,-0.596214775351377,-24.2557898995037,3.28344341716488e-12,3.01483888043921e-11
"Pla2g12a",0.655412647374062,311,0.969368381346337,-13.609232681473,1.81714854654685e-07,1.09387453313206e-06
"Pla2g4e",0.938075880758808,615,3.74378979328014,-359.161476549576,3.09977596590969e-158,3.92560307229921e-156
"Pla2r1",0.623655913978495,93,0.780686971595524,-2.50591192719942,0.0251747712319694,0.0569700150063987
"Plaa",0.503937542430414,491,0.0239258392454804,-0.00154846389813201,0.955620594040977,1
"Plaat3",0.552183173588924,313,0.380604002214969,-1.19612143574579,0.121938568136344,0.210886799621526
"Plag1",0.560906515580737,353,0.313754163441662,-2.02094397230809,0.0443841421379814,0.0921454877915654
"Plbd1",0.477626459143969,514,-0.145299553148972,-0.874581818408387,0.185981909416817,0.29792615179133
"Plbd2",0.563758389261745,149,0.346450414021431,-0.953818121643593,0.167226065127906,0.272498506710003
"Plcb1",0.545132374400667,369,0.392959333819779,-0.647606198156893,0.255089589856742,0.381157908975612
"Plcb4",0.731284475965327,423,1.5077946401987,-43.1373806791046,1.56594348505818e-20,2.3100247630133e-19
"Plcd3",0.315817409766454,314,-1.09953567355091,-22.7173774027624,1.57809099070431e-11,1.39004550257314e-10
"Plce1",0.644669195111673,791,0.781020774244142,-29.6195269086301,1.39634913613569e-14,1.53644186913816e-13
"Plcg1",0.521651560926485,331,0.0967532328795881,-0.128902643516199,0.61163197701646,0.747092598677795
"Plcg2",0.394508670520231,173,-0.493040011280117,-4.25962499662828,0.00351409283811195,0.0102505828463309
"Plcl1",0.511769447803305,827,0.131688541911715,0.210287664193856,1,1
"Plcl2",0.499102736653208,743,0.101229474791428,0.485692217118412,1,1
"Pld1",0.58955223880597,402,0.533432200081075,-5.33500893242189,0.0010888606600227,0.00358256507356487
"Pld3",0.432835820895522,134,-0.335184191589629,-1.41295340562695,0.0927544908082761,0.168597873920591
"Plec",0.466404886561955,573,-0.21768541865892,-1.67142194362407,0.0674978538418044,0.130410361251063
"Plekha1",0.534074074074074,900,0.141603804984424,-1.23469473454975,0.116083007147141,0.202797799055599
"Plekha2",0.356926406926407,385,-0.865814652605603,-16.6831233641046,7.63374190990216e-09,5.32616171510014e-08
"Plekha5",0.499640319575966,1787,-0.0151598071710057,-0.181640345612323,0.546689845022082,0.685689647330291
"Plekha6",0.516200373034905,1251,0.104007690473237,-0.138791864780615,0.59828931696139,0.734941049678779
"Plekha7",0.442367601246106,107,-0.259087221317131,-0.794736870596154,0.20740133763017,0.32396504030107
"Plekha8",0.457528957528958,259,-0.310700839464109,-1.12861496021742,0.132991761070991,0.226328777968685
"Plekhf2",0.44683908045977,174,-0.227068908545921,-1.20102227419429,0.121176785105966,0.209893827517741
"Plekhg1",0.558299039780521,243,0.442518235700951,-1.05662694074124,0.146028525927786,0.244485773516413
"Plekhg3",0.378048780487805,164,-0.762960802699151,-5.35806964147487,0.00106205043217568,0.00350811146691099
"Plekhg5",0.537914691943128,211,0.296981737757132,-0.330932181983741,0.41590252331226,0.55641573379946
"Plekhm2",0.494575006627759,3270,-0.0322123413267558,-1.60102110889238,0.073546378695616,0.140040650724816
"Plekhm3",0.434424603174603,840,-0.387770633509851,-7.93018043437905,6.8192156624398e-05,0.000287142882850037
"Plekhn1",0.743781094527363,134,1.50695998871988,-14.9874929579998,4.37655833008652e-08,2.81914198767186e-07
"Plekho1",0.281420765027322,244,-1.4271712549147,-25.0036924597236,1.53168427309355e-12,1.44391360126459e-11
"Plet1os",0.963855421686747,166,4.95419631038688,-104.131681228755,3.28668603432069e-47,1.1371256011526e-45
"Plgrkt",0.450600184672207,361,-0.304479124131145,-2.17122504387856,0.03717339301698,0.07951173165391
"Plin2",0.453756313131313,528,-0.244236810379668,-2.71608232965991,0.0197691596397913,0.0462981854509
"Plin3",0.581207222950342,763,0.424071311143905,-7.69897296094962,8.7082903810905e-05,0.000361472139999255
"Plin4",0.479779616416173,1882,-0.108858227834305,-2.38331816617438,0.0290164644195303,0.0641497065823082
"Plin5",0.472489316239316,312,-0.15289889914964,-0.754345174060006,0.21933903643279,0.339373815706982
"Plk2",0.369072164948454,97,-0.862496476250065,-3.08735086241239,0.012958975651233,0.0322256851283818
"Pln",0.575181677888881,4381,0.407624039889026,-111.300023949872,2.4505390672615e-50,9.34546489741999e-49
"Plod1",0.415488215488215,495,-0.467778961350817,-7.83093448655927,7.57357756497772e-05,0.000317314935181838
"Plod2",0.578454641350211,632,0.46394709975979,-6.19128590571938,0.000433359834371764,0.0015688841468734
"Plpbp",0.521255060728745,494,0.132938831818128,-0.20139982603115,0.525646930493053,0.665938504618605
"Plpp1",0.67120765832106,679,1.08776698271682,-35.3052566366595,4.35191686224285e-17,5.47004980887154e-16
"Plpp3",0.511817597944766,519,0,0.120156599490088,1,1
"Plscr1",0.669270833333333,192,1.18762700317577,-9.8827455615064,8.75491931086901e-06,4.2275552816225e-05
"Plscr2",0.592155309033281,1262,0.481796701277103,-15.1409029390325,3.73614098375723e-08,2.42125373510669e-07
"Plscr4",0.767080745341615,161,1.79701297783614,-22.1950616821751,2.69041001782743e-11,2.33006865027841e-10
"Plscr5",0.543956043956044,182,0.301655699861102,-0.471454581755012,0.331530800558662,0.466310715287036
"Plxdc2",0.278774339695392,855,-1.67408839119414,-74.541250055614,2.75110614362294e-34,6.66621820794122e-33
"Plxna2",0.503824833702882,902,-0.0138057995250307,-0.0150614934277655,0.862211466610023,0.958933448862713
"Plxna4",0.398841768049605,1761,-0.556081380734027,-33.0800875779869,4.15727988329763e-16,5.00963421484627e-15
"Pm20d1",0.384018264840183,438,-0.605523823203473,-12.4281487443942,6.17669325072684e-07,3.52533716827198e-06
"Pmepa1",0.449509803921569,340,-0.30844486552374,-2.17521163986328,0.0369997491937152,0.0792413262885184
"Pml",0.512820512820513,143,0.146220740851043,0.0210060378603742,1,1
"Pmm2",0.462762762762763,555,-0.13312508323936,-1.89755770804993,0.051402329280305,0.10401087453558
"Pmp22",0.520833333333333,144,0.0730634621897241,-0.0415837292998873,0.773049991130583,0.884792074058252
"Pmpcb",0.513257575757576,264,0.148863385914483,0.0608969900731324,1,1
"Pms1",0.347315096251266,658,-0.89616418901546,-31.8459610068685,1.45479910853459e-15,1.69524507230628e-14
"Pnisr",0.534803163142513,1939,0.217791025498942,-1.95314069391725,0.0481059293106628,0.0984711794855653
"Pnn",0.5,543,-0.00480098626382031,-0.0436848466691799,0.767548062442592,0.880345624592392
"Pnpla7",0.393021120293848,363,-0.648072544575794,-9.12822226722284,1.93071621678649e-05,8.91876617141839e-05
"Pnpla8",0.490989660265879,677,-0.0679461519630689,-0.328120186151637,0.417890379371463,0.558963775675818
"Pnpt1",0.495639534883721,344,-0.0152667566533102,-0.076874223262223,0.694978640158989,0.819806086598794
"Poc1b",0.474137931034483,116,-0.326810316267109,-0.0224840500234791,0.83206269676098,0.932607113980702
"Poc5",0.328472222222222,240,-0.959810909884301,-14.9638379752752,4.48465606513312e-08,2.88323865030398e-07
"Pofut1",0.437935843793584,239,-0.347019075850192,-2.24508106752933,0.0340904443159472,0.0739783583086446
"Pogk",0.621328224776501,261,0.704544116473828,-6.78824590223172,0.000229035890782548,0.000884516052320175
"Poglut2",0.55448717948718,208,0.336427664582478,-0.964376935972979,0.16489484205779,0.269419225874364
"Pogz",0.423871669385536,613,-0.403468110566707,-7.98095101358103,6.46301361451187e-05,0.000273687192735403
"Polb",0.528158379373849,905,0.175009658036569,-0.736113495267318,0.22499465322578,0.345315904164679
"Pold3",0.510416666666667,144,-0.0360692547075221,0.0750469426659635,1,1
"Poldip2",0.573260073260073,182,0.43231549071068,-1.65117506591366,0.0691808394880571,0.1332401132407
"Polk",0.570063694267516,157,0.336283387864432,-1.22859918474734,0.116987278766052,0.20395288703318
"Poln",0.492424242424242,110,-0.137503523749935,-0.0023722957086818,0.945084346693524,1
"Polr1a",0.509002057613169,648,0.03005723385618,0.00444579769350639,1,1
"Polr1d",0.532894736842105,152,0.266280065337448,-0.146070504211281,0.588851777277519,0.726005350677206
"Polr2a",0.425852585258526,303,-0.410376121908981,-3.77736643906633,0.00598526695274168,0.0162512588134313
"Polr2b",0.559278350515464,194,0.337034987277571,-1.07164441410407,0.143194617594702,0.241003579061093
"Polr2m",0.453198653198653,495,-0.280770770130602,-2.63956881206605,0.021582435140356,0.0499005527599275
"Polr3a",0.441176470588235,612,-0.36103284424631,-4.90925246190864,0.00172764723879063,0.00545179514187246
"Polr3b",0.54298418972332,506,0.205748665216576,-1.2788160903774,0.109762868915852,0.194387434343852
"Polr3d",0.438356164383562,219,-0.346922474354232,-2.01060666984938,0.0449313777808635,0.0931375564129573
"Polr3e",0.56989247311828,186,0.445139531068263,-1.47030466202924,0.0863781430619724,0.159408879909804
"Polr3f",0.5225,200,0.16349873228288,-0.0870312247536162,0.67652633178665,0.804031096781989
"Polr3gl",0.462908011869436,337,-0.209923069374232,-1.24901404638609,0.113988943557664,0.200181525159351
"Polrmt",0.571428571428571,259,0.402759169500407,-2.1269750003429,0.0391591488356643,0.0831497016719326
"Pomgnt1",0.290055248618785,181,-1.22948184612277,-16.9587695715486,5.74980232462745e-09,4.05385222719532e-08
"Pomp",0.485714285714286,105,-0.075288127304237,-0.0881542522204768,0.67456503705774,0.802495662660679
"Pomt2",0.502372479240807,281,0.111031312388744,0.164964024961961,1,1
"Pon2",0.430851063829787,188,-0.37851162325373,-2.12324079870629,0.0393317366443115,0.0834369836778189
"Pon3",0.513452914798206,223,0.203214319652584,0.194834027167531,1,1
"Popdc2",0.493455497382199,382,0.00678916566263865,-0.0816240852286114,0.686183442677442,0.81185673669152
"Popdc3",0.592178053830228,1150,0.704296073036516,-11.0475741713738,2.59464683050507e-06,1.37128106506693e-05
"Por",0.287571428571429,1175,-1.32822433398203,-98.2095619739107,1.26268127769605e-44,4.01664300279427e-43
"Pot1a",0.503623188405797,414,0.0184569047075609,-0.00655176952307102,0.908864679024982,1
"Pot1b",0.565217391304348,184,0.42701014094492,-1.21346475412025,0.119266307553786,0.207211805610029
"Pou2f1",0.555624785885577,1112,0.278771809187763,-5.03843411957428,0.00150142308960547,0.00480340885482932
"Pou6f2",0.918918918918919,37,2.65207669657969,-14.3162296109338,8.75030348990868e-08,5.47873479703984e-07
"Ppa1",0.382352941176471,170,-0.641546029087523,-5.14575323131459,0.00133643936583072,0.00432089644675135
"Ppa2",0.492857142857143,665,-0.0805775158470303,-0.149803433968941,0.58412898426051,0.721906415458764
"Ppara",0.54017637426588,2430,0.23321825703686,-4.18034105872903,0.00383426610455399,0.0110963147440495
"Ppard",0.412246621621622,1184,-0.491365781668433,-18.4352394922144,1.26243053268777e-09,9.56369496094847e-09
"Pparg",0.490634291377602,1009,-0.0211542652431032,-0.477128409478837,0.328638122418925,0.463115489749281
"Ppargc1a",0.543959037340963,3392,0.417539338834857,-16.6750878263965,7.6970867649253e-09,5.36478155412031e-08
"Ppargc1b",0.48748158223074,2671,-0.0559451324088784,-1.8901568905485,0.0518589347185253,0.104715734529998
"Ppat",0.549799196787149,415,0.272793372296122,-1.56569448540984,0.0767982826339781,0.145039412785386
"Ppcdc",0.346428571428571,210,-0.933766301599913,-10.8052559535211,3.34016179466544e-06,1.72987391711377e-05
"Ppfia1",0.463121424542744,1773,-0.230663683477166,-4.86776486667213,0.00180739918472355,0.00567677273180367
"Ppfibp1",0.27817830030563,1288,-1.62777558426013,-104.608307214252,2.03600958569279e-47,7.08067167832645e-46
"Ppfibp2",0.512046783625731,1140,0.0478708496191231,-0.0583336919573867,0.732677471112993,0.85081854430976
"Pphln1",0.368145409735059,541,-0.755344123481061,-19.6981104837362,3.45965871558292e-10,2.76443205940388e-09
"Ppid",0.524106400665004,401,0.11703942119022,-0.219931673420376,0.507188419389693,0.649046457758555
"Ppig",0.466683184671292,1009,-0.114770187246075,-2.87197956224145,0.0165454568940286,0.0399759203285528
"Ppil2",0.418452380952381,280,-0.485426827170242,-4.09037354193816,0.00423373201111474,0.0120974070917846
"Ppil4",0.515500306936771,543,0.135776779030467,-0.0368491775961957,0.786026178944206,0.894098772838537
"Ppip5k1",0.563410225775817,1674,0.434554945655244,-5.70853791341915,0.000727721422016674,0.00249462011469659
"Ppip5k2",0.615072955017553,3456,0.662844290155028,-105.02643331733,1.33761709753905e-47,4.67608643681359e-46
"Ppm1a",0.462809055704498,1119,-0.215609059641057,-3.92952568270198,0.00505669163353016,0.0141359909388815
"Ppm1b",0.545563028548726,1678,0.275854709805869,-3.56342273540076,0.00759382119619193,0.0200352703886951
"Ppm1d",0.492063492063492,378,-0.0743473414600819,-0.132820143462538,0.606271413143467,0.74243636654241
"Ppm1e",0.595238558927505,778,0.585888789703788,-9.9417273601116,8.23096015758619e-06,3.9888956373804e-05
"Ppm1h",0.402042144040015,1409,-0.533110493079877,-25.7649007444627,7.05184822884584e-13,6.76495179442949e-12
"Ppm1k",0.478165064102564,832,-0.0669843344748688,-1.19046395765645,0.122824571537721,0.212058796206324
"Ppm1l",0.580362239353734,2469,0.6476850988556,-10.3049352917665,5.63050674248087e-06,2.78496398345848e-05
"Ppme1",0.474236206110351,731,-0.134377422763215,-1.59337010870502,0.0742379118667721,0.141157185396537
"Ppp1cb",0.5143961352657,1035,0.0433274316641006,-0.0369462834514707,0.785751296963184,0.894043516734513
"Ppp1cc",0.495791245791246,198,-0.0406419844973467,-0.049344976642999,0.753407441227514,0.868659938147627
"Ppp1r12a",0.463068187113989,2882,-0.197471046154821,-9.42072627384823,1.42046202475528e-05,6.65791976966301e-05
"Ppp1r12b",0.472525857446492,2457,-0.179882126020487,-4.46875175186142,0.00279374293108302,0.00835260692803083
"Ppp1r12c",0.515290519877676,436,0.0966181901686198,-0.0555001199185767,0.739008238050259,0.856983983032712
"Ppp1r13b",0.481527093596059,609,-0.0656761742683689,-0.66113726004312,0.250184253091042,0.375752227958621
"Ppp1r13l",0.521739130434783,161,0.100693999619473,-0.0697728712089969,0.708733023985754,0.83019477434422
"Ppp1r14c",0.337070354457572,1596,-0.932201684137706,-76.0816689622361,5.83616215579081e-35,1.44547307710952e-33
"Ppp1r15a",0.501524390243902,164,0.0157673158583167,-0.0109574861430417,0.882313517727604,0.975802746898277
"Ppp1r2",0.483490566037736,212,-0.0608822421470228,-0.203076445077784,0.523928633375337,0.664765404010447
"Ppp1r3a",0.617453447453447,2405,0.847360296383797,-33.7991393154907,2.00442490325667e-16,2.45954295258844e-15
"Ppp1r3b",0.517234042553191,705,0.0799993220652198,-0.0861859304138761,0.678012405660947,0.804884907463083
"Ppp1r3c",0.845437616387337,358,2.80023048762422,-141.357056113891,1.92377404382663e-63,8.90508371183746e-62
"Ppp1r9a",0.474765390991299,2231,-0.170425329188228,-4.18090311378228,0.00383189493631309,0.011095633655105
"Ppp2ca",0.449202979781839,1788,-0.265418181965935,-9.43396346966074,1.40088322626331e-05,6.57993576954466e-05
"Ppp2cb",0.538205980066445,301,0.297680548640685,-0.487422663118025,0.323474734129705,0.457201079009607
"Ppp2r2a",0.490257084428864,1141,-0.0356702695707254,-0.602789785756158,0.272209346802859,0.400585208450074
"Ppp2r2d",0.519261006289308,424,0.154509949055624,-0.0993090170795199,0.655838648952587,0.785788827520486
"Ppp2r3a",0.483455751759323,3108,-0.0801266842406184,-3.21308669420296,0.0112450593797049,0.0284603463637177
"Ppp2r3c",0.471875,160,-0.150242635580613,-0.374123435807746,0.387031849828656,0.526181441371266
"Ppp2r5a",0.55571882446386,1259,0.269861540729433,-5.36970593973615,0.00104877660472016,0.00347241872732185
"Ppp2r5c",0.633434694468578,1151,0.696554191847141,-33.472078122531,2.79308133386314e-16,3.41478359069023e-15
"Ppp2r5e",0.496948356807512,710,-0.0140068579938792,-0.103693325977019,0.648823475981732,0.780029226363852
"Ppp3cb",0.477734711455642,1161,-0.139403056665417,-1.9600838042727,0.0477101233467362,0.0977504114478918
"Ppp3cc",0.537338151159289,1107,0.197730367102178,-1.89676053145149,0.0514513073888033,0.104049766554278
"Ppp3r1",0.449090909090909,275,-0.393342428179524,-1.59935439151434,0.0736964331676174,0.140286573857359
"Ppp4r1",0.44501266989173,1447,-0.294215602293585,-9.654998569285,1.11123006412799e-05,5.29352462060118e-05
"Ppp4r1l-ps",0.394406392694064,292,-0.649942531928841,-7.27454212592764,0.000136555007000387,0.000548180147719257
"Ppp4r2",0.480042656916514,547,-0.131865447873974,-0.666111983121141,0.248409956971196,0.373505293725509
"Ppp4r3a",0.530982176715965,879,0.157931405447724,-0.99844169270159,0.157623017937469,0.26000631516252
"Ppp4r3b",0.462084833933573,833,-0.192645077942396,-3.15516683054784,0.012003624721866,0.0301528177893581
"Ppp6c",0.420111972437554,387,-0.467778961350817,-5.55344399057407,0.000860076890173824,0.00289837047612912
"Ppp6r2",0.52668720657277,1136,0.190745545026914,-0.499654393421906,0.317477819034957,0.450986480711668
"Ppp6r3",0.620843989769821,782,0.628744192749069,-19.0655466678832,6.61475918799013e-10,5.13868792474418e-09
"Ppt1",0.621756487025948,334,0.728516404330388,-8.51429491854401,3.68212044983271e-05,0.000161955389641397
"Pptc7",0.577130801687764,1185,0.470319934780034,-9.78342241549149,9.71404290947713e-06,4.66749146665541e-05
"Ppwd1",0.478669558929863,461,-0.126972856257765,-0.712833746013644,0.232472809503585,0.354626703951833
"Prcc",0.449936628643853,263,-0.285402218862249,-1.71850343623427,0.0637510882693086,0.124136148669451
"Prdm10",0.542941492216855,621,0.237797114334771,-1.57027801967286,0.076367768531935,0.144510984602861
"Prdm11",0.428836754643206,341,-0.446333629768382,-3.66149062106501,0.00680783894254492,0.0181831336977165
"Prdm15",0.454144620811287,189,-0.244622368719914,-0.985059787548437,0.16043517031573,0.26386691084518
"Prdm16",0.475153678366052,1681,-0.0799165150752192,-2.65660184737953,0.0211644026180905,0.0491031698488155
"Prdm2",0.531416787967006,687,0.19457252651351,-0.891282177903236,0.181834753346991,0.292049500948793
"Prdm5",0.554852556924225,893,0.253841051751172,-3.82462339117001,0.0056796030528206,0.015594841097011
"Prdx1",0.39040346907994,884,-0.737613850767043,-20.6438297870463,1.31395800327298e-10,1.06900437793555e-09
"Prdx2",0.513990267639903,274,0.15200309344505,0.042737557593,1,1
"Prdx6",0.55793991416309,233,0.321928094887362,-1.21896586094536,0.118432289238014,0.205937182737189
"Preb",0.570382882882883,592,0.404620883333505,-4.59596747778755,0.00243083787079709,0.00740616604121202
"Prelid2",0.426666666666667,150,-0.503766417873175,-1.82580563378784,0.056014996256217,0.111498414849267
"Prep",0.403938520653218,347,-0.572081209424423,-7.26355503865301,0.000138157011310485,0.000553287505916455
"Prepl",0.362553148317239,1721,-0.761006181608388,-61.7976373967172,1.03304861446032e-28,2.0636375893624e-27
"Prex2",0.287098560354374,602,-1.43900614710517,-54.7959487699958,1.20391658861746e-25,2.16640432782852e-24
"Prickle1",0.586698176907495,1481,0.521747205717494,-14.5118134999243,7.15008966410265e-08,4.52322354622592e-07
"Prim2",0.34820322180917,269,-0.971985623830404,-13.4195736030314,2.21112573551692e-07,1.31920674993685e-06
"Prkaa1",0.491539763113367,197,-0.0135465318379477,-0.0656144059854,0.717161351537424,0.837436846123728
"Prkaa2",0.5776904340124,2258,0.4522515198631,-16.8327474991102,6.54514309004377e-09,4.60010475606008e-08
"Prkab2",0.44971870604782,474,-0.276654015122922,-2.93416238085308,0.0154157150002446,0.0375709074370521
"Prkaca",0.467283950617284,270,-0.144873629386945,-0.735996360674278,0.225031550181214,0.345315904164679
"Prkacb",0.540982587064677,804,0.255172288060824,-1.5149271886321,0.081745352926107,0.152536783108154
"Prkag1",0.552075775896816,827,0.369035759690683,-1.95087397044404,0.0482358974882337,0.0987071170551905
"Prkag2",0.534518828451883,717,0.244152940075259,-0.833853443557246,0.196565959728791,0.310435463929328
"Prkar1a",0.504404761904762,1120,0.0102246710104623,0.0371354687001713,1,1
"Prkar2a",0.47351598173516,365,-0.147557188413859,-0.755680870332014,0.218931414367974,0.33882122509519
"Prkca",0.542810458848195,1961,0.26028154544116,-3.43974203521611,0.00871907285448664,0.0226655371802147
"Prkce",0.543264581894036,3328,0.247590334497973,-10.467072843915,4.75345569622018e-06,2.39348796946961e-05
"Prkch",0.482638888888889,192,-0.124447370924488,-0.219232717605564,0.507864055845594,0.649539547034228
"Prkci",0.525,400,0.244887059123535,0.00331388184298476,1,1
"Prkcq",0.83406007751938,344,2.00418779696343,-76.2578986879313,4.88760094840862e-35,1.2195381994691e-33
"Prkd1",0.362788906009245,649,-0.885321395963806,-24.580594428785,2.35769688494107e-12,2.1887775230601e-11
"Prkd3",0.473818646232439,261,-0.133583154378591,-0.560695653034827,0.289619066915176,0.420944819648043
"Prkg1",0.132725970510626,2751,-2.88397620366052,-1104.44250155822,0,0
"Prkrip1",0.46551724137931,145,-0.293196376344046,-0.391436577742525,0.376263864598717,0.514984310600854
"Prlr",0.487609912070344,417,-0.0886576198203972,-0.261507359457937,0.469558514231245,0.612451758165589
"Prmt3",0.508939974457216,261,0,0.0416155480521354,1,1
"Prmt9",0.510061242344707,381,0.104494167871105,0.0403461326431511,1,1
"Prnp",0.585137795275591,508,0.52736619938172,-5.9624918795281,0.000553861102277889,0.00195145182072923
"Prodh",0.567411083540116,403,0.453956488571146,-2.67311883660284,0.0207670355324502,0.0482646615283261
"Prorp",0.461748633879781,305,-0.208752744794029,-1.24267358164832,0.114910990271445,0.201221645369669
"Proser1",0.510385756676558,337,0.039528364186638,-0.0027055008639536,0.941360888981014,1
"Proser2",0.138959498390103,843,-2.72810561724598,-351.980172177777,4.11627795526065e-155,5.02335593376536e-153
"Prox1",0.509377211606511,942,0.0649266366207728,0.0014344872622587,1,1
"Prpf18",0.550557880055788,478,0.288431182899275,-1.73937880085174,0.0621613930438311,0.121534305304455
"Prpf19",0.495601173020528,341,-0.0553430338437755,-0.0589224943757927,0.731383628683798,0.849904244412336
"Prpf3",0.5,260,-0.0105692417101881,-0.0191995854791287,0.844643772308511,0.943459643823385
"Prpf38b",0.468644476603956,691,-0.164038158365398,-1.85472313061257,0.0541053378484216,0.10840448586227
"Prpf39",0.525147928994083,1183,0.155650870460194,-0.739041628931091,0.224074655344577,0.344477573676775
"Prpf4",0.519927536231884,184,0.131911675505581,-0.0513433504870022,0.74862900341815,0.865151148578275
"Prpf40a",0.474015428339423,821,-0.139724763666613,-1.77923559128465,0.0592422781344488,0.116676693321133
"Prpf4b",0.474457215836526,522,-0.147845467971393,-1.05193412948847,0.146927015173196,0.245761068906735
"Prpf6",0.533628318584071,565,0.180296685514751,-0.78021088058415,0.211603477014208,0.329302698288746
"Prpsap1",0.382411067193676,506,-0.703606997219776,-15.3392534548083,3.0451957583809e-08,1.99213975928388e-07
"Prr14l",0.524848484848485,440,0.108610497931669,-0.260328508082125,0.47056155210694,0.61328332771685
"Prrc1",0.563087934560327,815,0.332478014228272,-4.70930543592874,0.00214794176008389,0.006616330928721
"Prrc2b",0.470070422535211,568,-0.148677267738273,-1.43178384335192,0.0906063346010758,0.165753534435111
"Prrc2c",0.459277950310559,1288,-0.239554795219632,-4.95989487528323,0.0016351105902764,0.00517926488057346
"Prrx1",0.560548688259532,581,0.279115011348389,-3.11271120415506,0.0125928863192236,0.0314495470150862
"Prss36",0.542438271604938,216,0.200532987372708,-0.53725160545207,0.299930487910208,0.43265279064116
"Prune1",0.473008385744235,318,-0.18541350871132,-0.650232741491777,0.254128215294812,0.380059844264433
"Prune2",0.754244917693906,3020,1.61034781914107,-580.021160908646,2.94672766253121e-254,7.06372716818196e-252
"Prxl2c",0.528985507246377,253,0.146486088477484,-0.254587764375486,0.475495981334604,0.617232273672351
"Psap",0.586641461877757,529,0.492252126906382,-6.47135636013616,0.000321169268885676,0.00120564213241648
"Psen1",0.47688060731539,483,-0.0965732596950533,-0.773194619135836,0.213669279677579,0.331901922054133
"Psip1",0.49187725631769,277,-0.0774787526777176,-0.118350112927004,0.626599610152947,0.760668580818698
"Pskh1",0.577363896848137,349,0.40647548577542,-3.27724205785074,0.0104620166974534,0.026720340971578
"Psma1",0.531222515391381,758,0.154559930695391,-0.807898458651835,0.203678844824629,0.318892560406558
"Psma2",0.569057104913679,251,0.427421223734677,-1.95491258380659,0.0480045909991353,0.0982937201910298
"Psma3",0.447928140571728,1271,-0.273783646925486,-8.27333602473323,4.74672167701509e-05,0.000205681058076987
"Psma5",0.471014492753623,299,-0.206450877467426,-0.67007823780574,0.247006375313069,0.371978189612143
"Psma6",0.491486068111455,323,0.00826761598360104,-0.0832193400475489,0.683296456492483,0.809706957941072
"Psma7",0.377551020408163,245,-0.762960802699151,-7.93363331552376,6.79437662578583e-05,0.000286276559399087
"Psmb1",0.572141873278237,484,0.434523546713177,-3.57404326478274,0.00750440094532677,0.0198383375915846
"Psmb2",0.543496376811594,920,0.278206717458044,-1.75500747327919,0.060998905275274,0.119609889631212
"Psmb7",0.478317659352142,638,-0.184760042605255,-0.756291518236935,0.218745360632157,0.338611360830959
"Psmc2",0.523065476190476,224,0.143194635827791,-0.105440234028208,0.646078175802572,0.777982905630941
"Psmc6",0.495684523809524,560,-0.00915999928547606,-0.106796833620479,0.64396518796701,0.776692604067308
"Psmd1",0.44564455231931,1236,-0.405171991777351,-7.5816076869462,9.86057263506274e-05,0.00040430154872658
"Psmd12",0.43576017130621,467,-0.35097662739786,-4.30686121864801,0.00333639732479692,0.0097789951284004
"Psmd14",0.498644986449864,492,-0.0494121941250771,-0.0246005226514399,0.824459391730601,0.926154215446994
"Psmd3",0.487824675324675,308,-0.0879964809978286,-0.222984035874163,0.504255897880794,0.645786221441688
"Psmd4",0.465909090909091,264,-0.163886084960972,-0.835261739185341,0.196188433526328,0.309912159526644
"Psmd6",0.353080568720379,211,-0.931981576571349,-9.95349853536601,8.1302218113582e-06,3.94292260099973e-05
"Psmd7",0.522938829787234,752,0.15568899614672,-0.345867379957781,0.405574950635198,0.546191626938894
"Psmd9",0.440848214285714,224,-0.311586150665903,-1.93001106032463,0.0494496763985478,0.100638637958476
"Psme4",0.498297500650119,3963,0.0295319329254286,-0.185723471985511,0.542216614240352,0.681527699397236
"Psmg2",0.508333333333333,240,0.0561430780375334,-0.000833441229843856,0.967433438224156,1
"Pspc1",0.501443695861405,1039,-0.0110382714524482,-0.0325882567694862,0.798493784414521,0.905625258700619
"Psph",0.358064516129032,155,-0.813988014390052,-6.7747218812079,0.000232360276073203,0.000895808255602147
"Pstk",0.464477362914863,1056,-0.238263071008574,-3.40334570874279,0.00908168842483841,0.023510930368235
"Pstpip2",0.407700496806246,1409,-0.514082932679754,-24.2424265728591,3.32849823443199e-12,3.05203280730977e-11
"Ptbp2",0.485457516339869,1428,-0.111892880070898,-1.28988270787113,0.108237701697978,0.192193506295458
"Ptbp3",0.548828125,256,0.257387842692652,-0.898742461333001,0.180016853102201,0.28989278263483
"Ptcd1",0.15536231884058,690,-2.48201619900759,-220.090867995284,9.88310662255206e-98,7.45341703938982e-96
"Ptcd2",0.559071729957806,237,0.299560281858907,-1.22900539631539,0.116926776129943,0.20395288703318
"Ptcd3",0.525382262996942,545,0.148962639124999,-0.346020039719519,0.405471339725994,0.546161676147074
"Ptch1",0.517073170731707,205,0.137503523749935,-0.0226690593682974,0.831383515082901,0.932060489934263
"Ptdss1",0.551820728291317,238,0.24473358909085,-0.944586760373369,0.169295169774061,0.275468892005696
"Pten",0.511111630856228,1527,0.0638833640319878,-0.0588514704522822,0.731539313336956,0.849938007809875
"Pter",0.722222222222222,303,1.39444059467173,-28.8082064831914,3.18556319321921e-14,3.4155751042951e-13
"Ptgds",0.550665789165789,925,0.145850866463455,-2.20800074042063,0.0356033737493049,0.0767166178152627
"Ptges3",0.53843137254902,765,0.206665548257331,-1.44864584299637,0.0887285156531922,0.162850915248626
"Ptges3l",0.655901116427432,418,0.953306764551958,-18.0813691130918,1.81508139251111e-09,1.35969043599716e-08
"Ptgr2",0.522839793041485,1537,0.133889254533817,-0.498067674545382,0.318247450723104,0.451601879334772
"Ptgr3",0.553270042194093,632,0.371183209689417,-2.35792975856725,0.0298856218073682,0.0657895354447541
"Ptk2",0.480392156862745,255,-0.119839770006003,-0.340952358403882,0.408931612413267,0.549828792987893
"Ptk2b",0.612745098039216,102,0.693338661765948,-2.24324620884063,0.0341637052815265,0.0741133774562398
"Ptp4a1",0.591719077568134,318,0.538866086131702,-4.13028761469593,0.00405152882582917,0.0116210369149221
"Ptp4a2",0.47483024691358,1080,-0.117625683998513,-1.87963122441306,0.0525157384099979,0.105724545953181
"Ptp4a3",0.608958333333333,560,0.658594530613334,-10.3298537098809,5.48583443150692e-06,2.72545675087153e-05
"Ptpa",0.496794871794872,208,-0.0244530437245389,-0.0305317747803997,0.804822785602946,0.910035467817887
"Ptpdc1",0.396551724137931,203,-0.673771767679012,-4.7341677979264,0.00209048960248399,0.00646904850708738
"Ptpmt1",0.45351137487636,337,-0.290296485838252,-1.78412712882152,0.0588941959216724,0.116067572328757
"Ptpn11",0.536104441776711,1666,0.199349135692442,-2.1940895784669,0.0361889424586969,0.0777223922249519
"Ptpn12",0.456159677801469,1206,-0.199869404710309,-5.74936638072904,0.000696436551814878,0.00240456899988758
"Ptpn13",0.217339097022094,347,-1.74161195902257,-59.6618256435699,8.8962869162823e-28,1.74087107236405e-26
"Ptpn14",0.422134905042567,1018,-0.468148835738406,-12.7649690152127,4.35571538841944e-07,2.52902782760132e-06
"Ptpn2",0.415697652687449,1274,-0.48009830757305,-17.8700266260907,2.25480255002004e-09,1.67785307269784e-08
"Ptpn21",0.522819179664934,577,0.119581615752672,-0.304287008148094,0.435325223912572,0.577451166581261
"Ptpn3",0.419549689440994,1380,-0.492357321078858,-17.6510788653063,2.82319103340728e-09,2.07322299958749e-08
"Ptpn4",0.521350871350871,858,0.0672300517141213,-0.23932804164042,0.489031687074241,0.630741868493909
"Ptpn9",0.460108181203516,493,-0.199308808223407,-2.00790383526959,0.0450756287460533,0.0933788951060216
"Ptpra",0.446437857514301,1282,-0.284532688926802,-8.52137971577508,3.65474639720217e-05,0.000160856772577187
"Ptprb",0.612576687116564,163,0.648527629498622,-3.53046162091744,0.00787833861205269,0.0207126552150794
"Ptprc",0.446666666666667,75,-0.257157839497125,-0.518392240417541,0.308570497589833,0.441322220290424
"Ptprg",0.613608860379082,3773,0.754124925306418,-122.710183806053,2.58748082302286e-55,1.07204761013145e-53
"Ptprk",0.401445165320219,2309,-0.55595405365101,-45.1001040166088,2.15239450788249e-21,3.298372588335e-20
"Ptprm",0.444402889302977,4377,-0.343262871719671,-90.12475051815,4.27508075811332e-41,1.23151682611402e-39
"Ptprs",0.629432624113475,470,0.74881531204395,-13.9782066377802,1.24079038374264e-07,7.65458185264762e-07
"Ptx4",0,123,-Inf,-100.22744674515,1.66174548271033e-45,5.41438625240377e-44
"Pum1",0.5016875,1600,-0.0371090580208833,0.260095636115238,1,1
"Pum2",0.48,175,-0.0921182019884315,-0.232943069319731,0.494885850024649,0.636701902504398
"Pum3",0.536363636363636,165,0.242360837569044,-0.278262393737833,0.455663857194705,0.598281652873798
"Pura",0.49697519661222,551,-0.0347654181606769,-0.0781005851334839,0.692678366147505,0.817667462817808
"Purg",0.508333333333333,320,0.0158539512008371,0.0141122992732789,1,1
"Pus10",0.439275362318841,805,-0.401921999488586,-5.95626638804265,0.000557575373039375,0.00196247818764566
"Pus7",0.416501976284585,506,-0.472752997135131,-7.9981806812811,6.34643413232831e-05,0.00026926211059537
"Pus7l",0.10727969348659,174,-3.0703893278914,-68.4809864396229,1.22916594065578e-31,2.7500539312272e-30
"Pvr",0.519609254992319,496,0.027834208196726,0.0383347832072332,1,1
"Pvt1",0.598338692390139,311,0.606518644087604,-4.47175636372828,0.00278456719582101,0.00833259697652725
"Pwwp2a",0.471455439814815,1152,-0.134346437377729,-2.63741138087585,0.0216359904726484,0.0500071515332011
"Pxdn",0.530014124293785,236,0.185355042011919,-0.231338538959818,0.496375487830193,0.637762686507705
"Pxk",0.427651035065484,789,-0.455451767724752,-9.38467804309312,1.47518468865952e-05,6.90476961665459e-05
"Pxmp2",0.662731208185754,847,1.02339556741203,-37.2146656462015,6.28482500770069e-18,8.23901278353262e-17
"Pxmp4",0.427914110429448,326,-0.384859350613819,-3.93427718959765,0.00503018512342971,0.0140794839651627
"Pxn",0.655161078238001,507,0.85488329214019,-21.8677295728365,3.75899019796379e-11,3.21405633232267e-10
"Pxylp1",0.196460573476703,372,-2.02438415862696,-75.2017563625513,1.41501882581538e-34,3.46627969301929e-33
"Pygb",0.628041345747809,2228,0.888071669653747,-45.9694652452758,8.93930100804019e-22,1.39861511342577e-20
"Pygm",0.549928104575163,1275,0.248767836760746,-3.70988782550398,0.00645108587511494,0.0173198753575086
"Pygo1",0.553054662379421,311,0.330973234490369,-1.14077247598289,0.130921400685784,0.223769911230705
"Pyroxd1",0.586355785837651,193,0.533123569201538,-2.32007480464179,0.0312322796064833,0.0684621360936367
"Pyroxd2",0.0085978835978836,756,-7.02869543300047,-608.760076882318,9.49956709298946e-267,2.45234978185174e-264
"Pzp",0.268867924528302,106,-1.30485458152842,-11.80236300432,1.18296619427455e-06,6.57290488077053e-06
"Qki",0.537389971593461,4233,0.23645681429693,-21.1381672931593,7.92457040342312e-11,6.59104294272317e-10
"Qrich1",0.470196721311475,1525,-0.188416364487209,-3.31985659265683,0.00997299892558915,0.0255686664585769
"Qrsl1",0.707503320053121,753,1.26436469181176,-57.5044756726226,7.83430286698487e-27,1.49385911486371e-25
"Qser1",0.458197611292074,614,-0.321928094887362,-2.48512205048235,0.02578700792118,0.0581594076501882
"Qsox1",0.338095238095238,210,-0.914270125974116,-11.9512735891209,1.01337589020692e-06,5.67761183227781e-06
"Qtrt1",0.58969465648855,262,0.559871519758326,-3.51709943641185,0.00799676377911943,0.0209911139950917
"Qtrt2",0.384760366182014,619,-0.731384561902906,-17.3669439391738,3.77994145699491e-09,2.73099753060817e-08
"R3hcc1l",0.473247232472325,1084,-0.15454305015902,-2.11293087427612,0.0398123976930944,0.084257086606338
"R3hdm1",0.461996779388084,1035,-0.216589546910578,-3.7781119363101,0.00598031696811512,0.0162443899190565
"R3hdm2",0.526252158894646,1158,0.119171700977678,-0.743093509737719,0.222809009001645,0.343081915214279
"Rab10",0.506950269622528,1669,0.025494069742209,-0.00654058008285574,0.908942195978674,1
"Rab10os",0.515418502202643,454,0.101481317865884,-0.0562410881725555,0.7373357182743,0.855340017465797
"Rab11a",0.508597883597884,252,0.0618392538178618,0.00283164275734293,1,1
"Rab11b",0.541362530413625,274,0.241008099503795,-0.640577210858169,0.257684500424268,0.384350748188375
"Rab11fip2",0.405586283185841,904,-0.515819023546981,-17.5140842684164,3.24970054376964e-09,2.36572560192861e-08
"Rab11fip3",0.542515183994284,933,0.237039197300849,-2.37954952988821,0.0291437991424745,0.0644100032414517
"Rab12",0.544425747553286,1231,0.282441748293042,-2.52775602919291,0.0245477273221579,0.0558333940312856
"Rab14",0.487510237510238,814,-0.110794338826961,-0.407090081015781,0.366887263425916,0.505968216995017
"Rab18",0.519166666666667,400,0.127755547198372,-0.125059195687754,0.616991726789415,0.752270385142699
"Rab1a",0.502240143369176,744,0.00969339620384391,-0.0399269475037727,0.777495505390985,0.888415020800867
"Rab20",0.365387426900585,456,-0.899933044896078,-16.8468033954546,6.4512361465958e-09,4.53885712955461e-08
"Rab21",0.53498727735369,655,0.179168845685932,-1.00959382442034,0.155322216971817,0.256968873629488
"Rab22a",0.483033932135729,668,-0.148191479495031,-0.392810117508702,0.375427764582372,0.514364391891586
"Rab28",0.452190827190827,814,-0.258362966109896,-4.53809780946904,0.00258958210839617,0.00781532154296543
"Rab2a",0.462202111613876,1105,-0.240832770459296,-3.74485712578894,0.00620524020141753,0.0167469128395313
"Rab2b",0.540740740740741,135,0.0565835283663674,-0.0616126287660137,0.725562426142732,0.845481771574656
"Rab30",0.380500910424389,1876,-0.769038299938382,-47.319451705438,2.28483490955158e-22,3.62548744986057e-21
"Rab31",0.294337606837607,312,-1.36329852930722,-26.6384824595203,2.89683602285451e-13,2.88052790894807e-12
"Rab3gap1",0.514570156945421,1423,0.056697579913199,-0.105694762941312,0.645680481123517,0.777783092121508
"Rab3gap2",0.501846785225718,731,0.0308060467811746,-0.0114892127169242,0.879513189887512,0.974144734960372
"Rab3ip",0.492994407727504,1405,-0.0084947941654554,-0.41436585596739,0.362639524255804,0.501139898456858
"Rab40c",0.536601307189542,255,0.159871336778389,-0.436439510978033,0.3501595048455,0.487102714305284
"Rab43",0.420289855072464,161,-0.443606651475615,-2.38397402911423,0.0289943633682509,0.0641219660387809
"Rab5a",0.494591937069813,339,-0.0147970019280805,-0.076961187362258,0.69481482767526,0.81975692096262
"Rab5b",0.484406952965235,326,-0.0700097212477422,-0.25847219335833,0.472148038130371,0.614277501828078
"Rab5c",0.502997601918465,139,0.0834160081876369,0.0361189697385385,1,1
"Rab6a",0.495157384987893,413,-0.0363723896649617,-0.125982947463569,0.615694219532235,0.750824782249339
"Rab7",0.48118856908136,1623,-0.12697740018631,-1.62465672030294,0.0714533814407164,0.136636779552732
"Rab8b",0.490783410138249,217,0.0230836131130419,-0.0289070799721856,0.809984712869836,0.914485684235885
"Rabep1",0.499485391766268,1004,-0.0203677976939622,-0.0390993671428532,0.779753434520448,0.890085893282525
"Rabepk",0.5,123,-0.106915203916512,0.076336617354599,1,1
"Rabgap1",0.51165008291874,1206,0.0387200184358982,-0.0071631162779795,0.904726946955458,0.996967208662787
"Rabgap1l",0.498082942097027,426,0.005624549193878,-0.0685912680563661,0.711098175068777,0.831936183661445
"Rabgef1",0.492196209587514,299,0.00836347293462669,-0.0717251832571151,0.704874692573935,0.82727062675706
"Rabggtb",0.540045766590389,437,0.205584133649894,-0.949630689837363,0.168161017447987,0.273793176046733
"Rabl6",0.499214792299899,658,-0.00759314932223054,-0.0378616369771407,0.783179010427639,0.891949434546904
"Rac1",0.532843137254902,340,0.253215344803349,-0.320561697834307,0.423304291889974,0.565191646541775
"Rad17",0.484395109395109,518,-0.0957589828054308,-0.425399423346903,0.356326446125111,0.493839171255781
"Rad21",0.555350553505535,271,0.304334034872625,-1.25386448987427,0.113289086373996,0.199056635534623
"Rad23b",0.493479814219364,933,-0.017702001733459,-0.285861759956788,0.449574847203103,0.592256403224187
"Rad50",0.526946107784431,167,0.14359085362885,-0.136385916141933,0.601478435422515,0.737720442123328
"Rad51b",0.404072883172562,311,-0.535789658739454,-6.43985458607409,0.00033216385317553,0.00123791437119054
"Rad52",0.39171974522293,314,-0.63584366972334,-8.06387913754401,5.92098134878873e-05,0.000252648612924793
"Rad54l2",0.500408496732026,408,-0.0247679051489422,0.00289607633368405,1,1
"Rae1",0.495798319327731,357,-0.0372810160794597,-0.0750920738888681,0.698359442193859,0.821916285464699
"Raf1",0.593627005752346,1101,0.521731739349848,-14.0831346638586,1.11327908215653e-07,6.90603438025382e-07
"Rai1",0.507218992248062,1032,0.04525628112965,0.00348943033100113,1,1
"Rala",0.55160744500846,591,0.372176284764646,-1.84140449525262,0.0549761571498952,0.109690834360909
"Ralb",0.463141025641026,208,-0.244236810379668,-0.7206534124158,0.229927984821747,0.351543652419946
"Ralbp1",0.527777777777778,258,0.121990524378611,-0.202184912105849,0.524841082872622,0.665419975111643
"Ralgapa1",0.525870345022016,3112,0.136581968278875,-1.90385991708263,0.0510168562744742,0.103451703720324
"Ralgapa2",0.572633484046941,3632,0.42779569004496,-49.8240203613241,1.82034862899763e-23,2.98004390191026e-22
"Ralgapb",0.486143187066975,866,-0.035422054210831,-0.625609874800375,0.263319639545633,0.39082058675043
"Ralgps1",0.47192429022082,317,-0.12832409697554,-0.779772286733873,0.211731915925267,0.329426198351969
"Ralgps2",0.565104166666667,192,0.356143810225276,-1.27475546779226,0.110328402397673,0.195167877560778
"Ranbp10",0.481318466353678,852,-0.113482248158663,-1.02218142512811,0.152770934352089,0.253372500956566
"Ranbp9",0.525448325477177,1733,0.148180786885157,-0.954329012361086,0.167112403657044,0.272379420433726
"Rangap1",0.436096718480138,193,-0.383328639551506,-1.76465014467632,0.0602932276874226,0.118537827837721
"Rap1a",0.496389255834434,757,-0.0159063909093606,-0.142787979630043,0.593069608697686,0.730132651059954
"Rap1gap2",0.459215442092154,803,-0.316080640195428,-2.61012142549191,0.0223254330753601,0.0513883082310758
"Rap1gds1",0.543723494486853,786,0.256267286974471,-1.86117024459656,0.0536890640130409,0.107791681057279
"Rapgef1",0.442265370944566,1889,-0.387151797301349,-9.6791060690507,1.08352275113298e-05,5.1688732804581e-05
"Rapgef2",0.513829243065085,2415,0.176956466704316,1.61253920696845,1,1
"Rapgef4",0.387157088414419,1324,-0.622723938733606,-32.2620359955367,9.53601706761656e-16,1.12488131033115e-14
"Rapgef5",0.230453740593183,1255,-1.73169065212553,-180.491084512026,1.7207599096216e-80,1.04997641030729e-78
"Rapgef6",0.535504809110757,1614,0.25550766919891,-0.809932950330222,0.203110486828319,0.318381592364003
"Raph1",0.468912917245698,3014,-0.147261281317981,-8.59740870420183,3.3735543893599e-05,0.000149165329785136
"Rarb",0.496011248029804,1994,-0.0199594076370857,-0.53563310229174,0.300659615262955,0.433239016239793
"Rars1",0.532051282051282,260,0.246160587269398,-0.217975402525468,0.509083332189138,0.650603070383377
"Rars2",0.513484358144552,309,0.0423108048579639,-0.00750185838518291,0.902511234572385,0.995015671230265
"Rasa1",0.469699546485261,1176,-0.200223601975351,-2.49189376214167,0.0255859088704478,0.0577835196293559
"Rasa2",0.494218838127468,591,-0.0202914039930757,-0.171475922637683,0.558130296389763,0.696443679005036
"Rasa3",0.535655058043118,201,0.265461143228334,-0.257578413501506,0.472914985823515,0.614798641264272
"Rasal2",0.448356456480189,2465,-0.292921281607749,-15.1804549496946,3.5868390735774e-08,2.32832339089473e-07
"Rasgef1b",0.719760338345865,608,1.48253468779696,-51.8936829367368,2.25236886069246e-24,3.89636592602263e-23
"Rasgrp3",0.467191601049869,127,-0.20945336562895,-0.349734780273451,0.40296198699897,0.543517184235311
"Rasl11b",0.546511627906977,172,0.321928094887362,-0.492325940559823,0.321053023883757,0.454621919052273
"Rassf1",0.423973143759874,422,-0.496606626300309,-5.60145121100749,0.000816694912522635,0.00276432488797374
"Rassf3",0.45345596432553,598,-0.243042930646328,-3.23364165488374,0.0109878372547137,0.0278723974503546
"Rassf8",0.459887005649718,1593,-0.148480026881353,-6.04084800292503,0.00050919256486649,0.00181502947179176
"Raver1",0.538179148311307,227,0.284729476933113,-0.339935448972511,0.409631183487517,0.550439340053696
"Raver2",0.570028011204482,119,0.481869007757053,-0.927653464638453,0.173167426492433,0.281020253050583
"Rb1",0.488675548589342,1276,-0.0567860260915776,-0.809229544644495,0.203306779497219,0.31860730889221
"Rb1cc1",0.516772748703442,1818,0.165150773315152,0.810100681720087,1,1
"Rbbp4",0.494212962962963,576,-0.042560462228046,-0.118697575039846,0.626093837269188,0.760329624706132
"Rbbp6",0.47460823373174,1255,-0.135842389380014,-2.26284732816339,0.0333895178455444,0.0726923268826773
"Rbbp8",0.513333333333333,275,0.0637255976103877,-0.0198629491626434,0.842017466494137,0.941466139448384
"Rbck1",0.58955223880597,201,0.501546492533519,-2.72390102463393,0.0195929621181065,0.0459015573252114
"Rbfox1",0.405864945517662,3440,-0.536290455202939,-114.019031585798,1.59667343060216e-51,6.26717664690157e-50
"Rbfox2",0.493934390136504,1514,-0.0434743265055642,-0.467156156256351,0.33374487469804,0.468247407812134
"Rbl2",0.420826623725174,621,-0.434495006187332,-8.48368385116919,3.80278364718519e-05,0.000166934492085722
"Rbm12b2",0.497260273972603,365,-0.00734197534116809,-0.0586007810023261,0.732089666264853,0.850430224986101
"Rbm14",0.434944968553459,424,-0.390672950879645,-3.95239943921291,0.00493038230203779,0.0138289703348423
"Rbm15",0.526457541191382,526,0.19793937761191,-0.318876526480381,0.424525622313237,0.566484289655357
"Rbm18",0.499400479616307,278,0.0283818013698216,-0.00899094112588728,0.89332623498925,0.985860849925657
"Rbm20",0.542913987342762,5201,0.256215579794282,-96.1096274616557,1.04214953712122e-43,3.22345976643209e-42
"Rbm22",0.461645746164575,239,-0.234465253637023,-0.891407601604072,0.181804015346077,0.292049500948793
"Rbm24",0.459879470492321,3444,-0.27714330123644,-17.4516510804888,3.46492718125993e-09,2.51422608006667e-08
"Rbm25",0.41048435624147,2952,-0.51356642789655,-48.5961566764263,6.29104088936486e-23,1.01017862319179e-21
"Rbm26",0.498013245033113,1057,-0.0503953833526274,0.0528707317207591,1,1
"Rbm27",0.483707264957265,624,-0.00767392788542143,-0.355473943838547,0.399129315661734,0.539673796744422
"Rbm28",0.65913811007269,963,0.957483167882217,-41.8141458884011,5.97123640022427e-20,8.60063062624578e-19
"Rbm33",0.466562406910932,1119,-0.206450877467426,-3.18503517746467,0.0116060994272667,0.0292899628848475
"Rbm38",0.492238562091503,612,-0.0209393376923632,-0.232703032877907,0.495108219673104,0.636712585757017
"Rbm39",0.480235989596509,3237,-0.137389900366112,-6.03103169688393,0.00051458304438731,0.00182841788985052
"Rbm4",0.48101793909053,799,-0.127917474920737,-0.935317549784259,0.171402358496006,0.278694920112692
"Rbm45",0.50531914893617,282,0.0189831033675727,0.00125806814332918,1,1
"Rbm47",0.39344262295082,61,-0.472068444315223,-1.40322787048839,0.093885590400717,0.170359579013142
"Rbm4b",0.678249678249678,259,1.01576731585832,-15.4602222943959,2.68824892799194e-08,1.76897321614529e-07
"Rbm5",0.498257080610022,1836,0.00215006752296842,-0.170604663607264,0.559132005747328,0.697434310086614
"Rbm6",0.538450439673445,2269,0.242832646320822,-2.17493635466326,0.0370117124188625,0.079241663079874
"Rbm7",0.552401746724891,229,0.300394933337721,-0.938321926474259,0.170716086518614,0.277713614326936
"Rbms1",0.435384223619518,2431,-0.455212214123234,-17.8004172250421,2.42183776356117e-09,1.79419150872214e-08
"Rbms2",0.489467162329616,538,-0.0588936890535683,-0.289874797500715,0.446410488432664,0.588781135460806
"Rbms3",0.555794606999426,581,0.315738158768164,-2.47469661996035,0.0260998269908916,0.0587661988469857
"Rbpj",0.511466302367942,915,0.0751194798037953,-0.089857816754602,0.671617734557588,0.799698107920974
"Rbpms",0.49003527768653,4131,-0.10079697379354,-5.96553091360965,0.000552057028222153,0.00194611700285036
"Rbpms2",0.507782101167315,257,0,0.0289486533332592,1,1
"Rbsn",0.522857142857143,175,0.0755510330071765,-0.0617641843605838,0.725238754676898,0.845251349434162
"Rbx1",0.471631205673759,235,-0.134301091711591,-0.525026887419727,0.30549470235956,0.437856169600122
"Rc3h1",0.520523313492063,960,0.175367086510561,0.147762104275216,1,1
"Rc3h2",0.470977011494253,580,-0.183514066190267,-1.24664123828677,0.114333044571266,0.200575900460621
"Rcan1",0.477239858906526,1305,-0.160464672193247,-1.72787657246909,0.063032012899294,0.123093066796643
"Rcan2",0.543611201917838,2185,0.248895027300897,-4.02574506481369,0.00454662416674958,0.0128654896320502
"Rcbtb2",0.379237288135593,236,-0.800691191776593,-7.39411011001317,0.000120284538948612,0.000487530087815873
"Rcc1l",0.466033755274262,395,-0.154033628672421,-1.22874450768842,0.116965629863438,0.20395288703318
"Rcc2",0.409395973154362,298,-0.570315724756755,-5.47896696205959,0.000932036802373697,0.00311545369399017
"Rchy1",0.561882129277567,526,0.385121921374556,-2.95504811426736,0.0150543494901276,0.0367569275291874
"Rcl1",0.554347826086957,276,0.306888695423221,-1.24315842592677,0.114840193264692,0.201150150624377
"Rcn2",0.683159722222222,192,1.09378214632062,-12.2084462897786,7.75853950015127e-07,4.40569518824157e-06
"Rcor1",0.504110684580934,1042,0.00421225128691471,0.0227065648832649,1,1
"Rcsd1",0.500648991991163,1207,-0.00181357037193131,-0.117421725975419,0.627955507806776,0.762176739312672
"Rdh13",0.566523605150215,466,0.406854295030816,-3.42112681012981,0.00890264574764582,0.0230980124693463
"Rdh14",0.503680336487907,317,0.0165828841956044,-0.00691304999480735,0.906396936310383,0.998479605533447
"Rdx",0.517687559354226,702,0.0599821048282325,-0.118931189841874,0.625754297582312,0.760054803722851
"Rec114",0.348484848484849,44,-0.685891409571937,-1.82965915370733,0.0557564413694837,0.111082586664285
"Recql5",0.455483170466884,307,-0.284453389468699,-1.60541623227726,0.0731522560385966,0.139442833945843
"Redic1",1,69,Inf,-54.4500602846965,1.70672994717904e-25,3.05481904145752e-24
"Reep1",0.456722194178025,1415,-0.259918432611938,-6.38836175162032,0.000350959110361698,0.00130145720925288
"Reep3",0.561701570680628,955,0.333544466395323,-4.96323691502607,0.0016291834275442,0.00516292689597576
"Reep5",0.465923172242875,538,-0.193823269139677,-1.63234631119167,0.0707862874596583,0.135786670885746
"Rel",0.457448186528497,772,-0.291379031527755,-3.16211444336773,0.0119099264504287,0.0299623037238671
"Relch",0.510337871911246,661,0.0330823549558299,0.00515309754587179,1,1
"Rell1",0.29083885209713,151,-1.40372218605101,-13.7975034926564,1.49564348099073e-07,9.10958170999073e-07
"Reps1",0.477690288713911,508,-0.115863843454914,-0.824640402086288,0.199056845754271,0.313337136187304
"Rere",0.465162376921748,2481,-0.230237438170732,-6.65796044142189,0.000263162049775696,0.00100474611950766
"Resf1",0.323417854783404,1810,-0.997239615042463,-113.93571260471,1.73603487986298e-51,6.69670466301168e-50
"Rest",0.483333333333333,120,-0.106915203916512,-0.123398047969062,0.619340134825037,0.754311555969089
"Retreg1",0.480591259413989,2624,-0.149110602646594,-2.96280476405855,0.0149223755180026,0.0365143946324585
"Retreg3",0.48533724340176,341,0,-0.154043944500131,0.578855910061631,0.717370913650972
"Retsat",0.310650887573964,169,-1.13289427049734,-13.0188754860462,3.34806255231216e-07,1.96779298170921e-06
"Rev3l",0.467824852424718,1487,-0.193008614555354,-4.33248545193601,0.00324385182462821,0.00953272042333824
"Rexo2",0.580114449213162,233,0.507483748043438,-2.41374687147029,0.0280093189137567,0.0624579895512075
"Rexo4",0.341620626151013,181,-0.945138064965481,-9.65244034900715,1.11421172814652e-05,5.30020490384084e-05
"Rfc1",0.547353184449959,403,0.276840205358825,-1.24338046039668,0.114807787835397,0.201148120673078
"Rffl",0.416666666666667,216,-0.540568381362703,-3.37789069694941,0.00934444167333268,0.0241137610578274
"Rft1",0.457556935817805,161,-0.318175960026255,-0.738469097787288,0.224254185125276,0.344595716703492
"Rftn1",0.552169898430286,361,0.328054197684204,-1.40870129060005,0.0932471870884651,0.169384335517666
"Rfx3",0.530723219140837,613,0.204057686361458,-0.660627345755529,0.250366996897109,0.375942568942594
"Rfx7",0.454512916277622,1071,-0.250641010252067,-5.02819738215021,0.0015182003332825,0.00485014785197152
"Rgl1",0.380160610847815,1266,-0.721881266627151,-34.4572325919864,1.02827838399126e-16,1.27339566666962e-15
"Rgl3",0.72040072859745,183,1.30116953472056,-17.1190888639788,4.87628756047735e-09,3.47808792801203e-08
"Rgma",0.310904449307075,457,-1.07972719247073,-33.403743440609,2.99359021554888e-16,3.64663838961235e-15
"Rgs12",0.63963963963964,111,0.844349129539806,-3.75124114989998,0.00616140117916803,0.0166524598365037
"Rgs13",0.536324786324786,195,0.247217700371019,-0.291587235167469,0.445070713083849,0.587475836031228
"Rgs2",0.669210829493088,372,0.803533211105195,-19.057200972644,6.67158718478643e-10,5.17684314269208e-09
"Rgs5",0.519519519519519,111,0.0946368741380752,-0.0267015556417789,0.817244004330934,0.920359355212958
"Rgs6",0.95987200747421,1358,4.30653271948766,-1819.3413471753,0,0
"Rgs7",0.785211267605634,142,2.01122725542325,-22.7712256810671,1.49366215865856e-11,1.31913952748898e-10
"Rgs7bp",0.413038548752834,294,-0.480481852180229,-4.89651569585158,0.00175174443689714,0.00551746065718142
"Rhbdd1",0.453503601833661,509,-0.341322345680669,-2.51669799207565,0.0248631007502916,0.0563694829152808
"Rhbdd2",0.3825,200,-0.697730430883106,-6.03815246605964,0.000510667077061989,0.00181835406962338
"Rhbdd3",0.566869300911854,329,0.32930762525296,-2.32301277385125,0.0311255338911792,0.0682950583450785
"Rhbdf2",0.471491228070175,152,-0.122484006524995,-0.366444778853946,0.391948170853755,0.531573271927744
"Rhbdl3",0.816666666666667,220,2.28203536776385,-44.733147591206,3.1190734812194e-21,4.73647538596032e-20
"Rheb",0.513174603174603,1155,0.120837081321946,0.108461757729401,1,1
"Rhoa",0.541532797858099,996,0.297943454343625,-1.7428694928401,0.0618997184757531,0.121128545308821
"Rhob",0.451007326007326,364,-0.295167026774602,-2.21287217658414,0.0354006692469978,0.0763280732367008
"Rhobtb1",0.523280024275273,3052,0.18626886970695,-1.17591536987356,0.125135971469957,0.215583326618673
"Rhobtb2",0.61426116838488,194,0.682517810143829,-4.32601489922104,0.00326697202548305,0.0095880700634203
"Rhoj",0.525893702651515,256,0.181169758609935,-0.0881878151773776,0.674506648180872,0.802495662660679
"Rhoq",0.589974699557242,1054,0.479536146308183,-13.5542624163008,1.92347858732703e-07,1.1547753379373e-06
"Rhot1",0.475269350002541,1874,-0.0915981439913867,-3.1040331631275,0.0127169467473722,0.0317191180112828
"Rhot2",0.580161476355248,289,0.455451767724752,-2.98347524849487,0.0145764674212916,0.0357984812776104
"Ric1",0.495322019147084,766,-0.0156306517137641,-0.215383376773616,0.511612953640043,0.652717381644548
"Ric8b",0.489763275751759,521,-0.044242837961483,-0.286302405878587,0.449225686252548,0.591985921606885
"Rif1",0.513292011019284,968,0.0283353469874608,0.041733511331131,1,1
"Rilp",0.501730103806228,289,0.0192362188629174,-0.011040590056183,0.881871343781697,0.975625590813046
"Rilpl1",0.53613026707728,2661,0.233319311163735,-1.8973256857912,0.0514165795156517,0.10401087453558
"Rimoc1",0.60959595959596,660,0.643661874326807,-13.3266724394056,2.43429005582983e-07,1.44592520838317e-06
"Rin2",0.484848484848485,209,-0.19759995988516,-0.00699214527736558,0.905865459407678,0.998057938861512
"Ring1",0.460176991150442,339,-0.174604522382182,-1.36298829421759,0.0987277173256068,0.17760933762784
"Rint1",0.533962264150943,530,0.204744555517023,-0.775846542499607,0.21288566964391,0.330783325168618
"Riok1",0.570175438596491,304,0.368925574424531,-2.32242172299846,0.0311469780228571,0.0683197766305284
"Riok2",0.548203909138933,631,0.35828272098161,-1.70362381104906,0.0649106286041613,0.125955518702264
"Riok3",0.436843711843712,1092,-0.356805580088208,-9.68202124304594,1.08021963368787e-05,5.15678106779017e-05
"Riox2",0.447194719471947,303,-0.290392521454256,-2.08114086060402,0.0413336872024143,0.0868602719169082
"Ripk1",0.446428571428571,252,-0.308122295362332,-1.75910292634092,0.0606981207520484,0.119186654958337
"Ripk2",0.375243664717349,171,-0.769116117769912,-5.94344430033864,0.000565304755498437,0.00198655786330131
"Ripor2",0.710729443433371,993,1.17111191639275,-72.2803890824775,2.67908642618284e-33,6.30948354124184e-32
"Rit1",0.41527446300716,419,-0.430634354329863,-6.61090022072409,0.000276711682365534,0.00104813138376832
"Rlf",0.632811447811448,990,0.846966777956461,-26.130428625057,4.85965117652366e-13,4.74497468363315e-12
"Rmc1",0.370860927152318,151,-0.789782292609654,-5.59169966980855,0.000825324248544708,0.00279071856737133
"Rmdn1",0.527851097309263,3239,0.182150574143259,-2.79443401976596,0.0180749730597717,0.0429752813238354
"Rmdn2",0.9,150,3.25738784269265,-62.4945282046683,5.11761441249844e-29,1.03151435245314e-27
"Rmi1",0.457882069795427,277,-0.220908930161118,-1.23885909492219,0.115469664708435,0.201936526712615
"Rmnd1",0.485462865188314,947,-0.103179263009067,-0.728819302948295,0.227306217255734,0.348010796126935
"Rmnd5a",0.490519877675841,545,-0.0459495858604946,-0.25813001259155,0.472441423747269,0.61454008453327
"Rmst",0.784133611691023,479,1.94513806496548,-73.232432185962,1.02734413839768e-33,2.45392663947516e-32
"Rnaset2a",0.44478527607362,163,-0.299560281858907,-1.20512876726664,0.120542533800172,0.209010975682448
"Rnd3",0.403829416884247,383,-0.685685089222512,-7.02849092114008,0.000177354185457194,0.000699002520721482
"Rnf10",0.551066856330014,703,0.32930762525296,-2.3247008008758,0.0310643747074816,0.0681831533801884
"Rnf103",0.507386888273315,361,0.0287112966415277,0.00222330569198448,1,1
"Rnf11",0.503571428571429,280,0.0372329061989749,0.00052236988091181,1,1
"Rnf111",0.48979308026163,1558,-0.0732098469537767,-0.928911743552817,0.172876211353289,0.280716025578496
"Rnf114",0.574309978768577,157,0.325770161181756,-1.30811493955079,0.105775487597684,0.188188536922635
"Rnf115",0.483739837398374,205,-0.0501857571682169,-0.193739191449595,0.533627857662773,0.673380368609237
"Rnf121",0.519157088122605,261,0.163886084960972,-0.0374501379879177,0.784331203749326,0.892871534504232
"Rnf122",0.416666666666667,293,-0.564784618783526,-4.39082670224343,0.00304275275568687,0.00900086227244172
"Rnf123",0.396694214876033,242,-0.617280220993885,-5.71457410143219,0.000723008240833838,0.00248099760351571
"Rnf13",0.572943722943723,1551,0.415774131942736,-10.8661047242831,3.13483472415408e-06,1.63488816383234e-05
"Rnf130",0.491698232323232,528,-0.0503050818480659,-0.199806561361015,0.527289124032161,0.667289331131504
"Rnf135",0.353260869565217,184,-0.810175441119982,-8.61989484570586,3.29463335380963e-05,0.000145964218288912
"Rnf138",0.467144563918757,279,-0.161463422694117,-0.864392601594488,0.188566112700679,0.300416745418219
"Rnf139",0.49971363115693,291,-0.054107405339451,0.0286614241790915,1,1
"Rnf14",0.430340557275542,646,-0.442258968013868,-6.92008447407704,0.000199035319110627,0.000779419522678253
"Rnf144b",0.52866074151527,1093,0.00664072537702953,0.57286195376787,1,1
"Rnf145",0.529100529100529,189,0.244622368719914,-0.123746772847454,0.618845504717028,0.753845921535516
"Rnf146",0.447819850831899,581,-0.292976721191233,-3.7681976980308,0.00604648894827947,0.0163975894225664
"Rnf150",0.599009299499977,1019,0.585765112725662,-15.6863145698128,2.12962031155823e-08,1.4194648988261e-07
"Rnf152",0.25609756097561,82,-1.48938484073893,-10.6885791036905,3.77238855719446e-06,1.93580061130651e-05
"Rnf157",0.762452107279693,174,1.58496250072116,-23.1093069690967,1.05767351812174e-11,9.44029874153339e-11
"Rnf168",0.48019801980198,101,-0.18220333122075,-0.100341386152706,0.654170295435191,0.784349950511075
"Rnf169",0.524316628701595,878,0.145050332803283,-0.545000602880918,0.29647094171051,0.428491162954552
"Rnf17",0.977777777777778,45,5.85798099512757,-35.1130985838536,5.2879506019369e-17,6.6217769477986e-16
"Rnf170",0.541666666666667,232,0.355331253154576,-0.342221478411176,0.408060993440447,0.548988853071213
"Rnf180",0.069347442680776,315,-4.051428238807,-264.922342569567,3.05308171105758e-117,2.76922762765115e-115
"Rnf185",0.53372641509434,424,0.20602897512756,-0.560865158160084,0.289546176965607,0.420930028112011
"Rnf19a",0.391601049868766,635,-0.628610385623988,-16.2706685638135,1.16684080844811e-08,7.99837844840657e-08
"Rnf19b",0.591503267973856,153,0.533823651729355,-2.21911501275913,0.0351426630765188,0.0758936790764459
"Rnf20",0.535423925667828,287,0.215459707174563,-0.467445481353707,0.33359522813611,0.4682332018506
"Rnf207",0.468837675350701,998,-0.176782581807555,-2.38469140272082,0.0289702096218696,0.0640896661114005
"Rnf213",0.489605734767025,279,-0.0485801804450618,-0.158910648736907,0.572919916506142,0.711064807616351
"Rnf214",0.537041564792176,818,0.226827392676789,-1.40183039106228,0.0940493489389948,0.170585589626632
"Rnf216",0.57941560561541,1021,0.440290291210756,-9.72143118200506,1.03654478740923e-05,4.96949186649339e-05
"Rnf217",0.473648186173854,487,-0.175679676168119,-1.01738458443538,0.153737522503811,0.254723833879431
"Rnf24",0.423319327731092,238,-0.487115177323012,-3.03433669152648,0.013760027147783,0.0340048977230926
"Rnf25",0.466193373901285,493,-0.178597303456764,-1.5024209952719,0.0830160712491482,0.154478478021703
"Rnf34",0.458831341301461,251,-0.230483833689996,-1.14972742588574,0.129419414642347,0.221710850198936
"Rnf38",0.573684210526316,285,0.401516359625225,-2.52041219470064,0.0247567058707153,0.0561944571539538
"Rnf41",0.489583333333333,240,-0.0344883763852915,-0.124674218031856,0.617534237716198,0.752795096903581
"Rnf6",0.426785714285714,280,-0.385121921374556,-3.35724093231971,0.00956330721455097,0.0246217560506583
"Rnf8",0.563856015779093,338,0.302796234709167,-2.09083147271321,0.0408635862975004,0.086115036492566
"Rnft1",0.447826086956522,230,-0.3298477581836,-1.5391849082967,0.0793400123463923,0.14906775840139
"Rngtt",0.513925729442971,754,0.0457000440050561,-0.0315683078576967,0.801605363448073,0.90782544561917
"Rnh1",0.704234972677596,244,1.2081081953302,-17.6330671026747,2.8758967524583e-09,2.1073164849891e-08
"Rnls",0.339970333946783,1656,-0.956843926749351,-78.2040018393229,6.89462229171411e-36,1.74629074799944e-34
"Rnmt",0.490740740740741,324,0,-0.101928580195761,0.651625306730422,0.78199697099492
"Rnpc3",0.608146873207114,581,0.561355887768823,-11.3764993962861,1.84216448680756e-06,9.92344144097299e-06
"Rnpep",0.608225108225108,231,0.631355406205607,-4.72471561132639,0.00211214588906759,0.00652103183414061
"Rnpepl1",0.541095890410959,219,0.269760269022107,-0.513571837227829,0.310830481797298,0.443703571634084
"Rnps1",0.521653543307087,254,0.117183539370339,-0.112175594828159,0.635744343761111,0.769008683000599
"Ro60",0.637254901960784,153,0.719099173372693,-5.21648879963065,0.00123785017154084,0.00402736323382556
"Rock1",0.519406267179769,1819,0.121121019398463,-0.120548159922237,0.623415413772113,0.757762451510037
"Rock2",0.465554581313145,3098,-0.25752881328364,-16.4288069574791,9.91619276208236e-09,6.85452995047341e-08
"Ror1",0.583868201673434,1032,0.554679933785113,-9.63094232420053,1.1395877164558e-05,5.41707702043295e-05
"Rora",0.527489900176606,4086,0.139452580546638,-5.67069741676914,0.00075798371690354,0.00258515584748809
"Rorb",0.887323943661972,142,2.85414913353655,-43.9504534659941,6.88171136348741e-21,1.03102782749392e-19
"Rorc",0.460065645514223,457,-0.202421000431274,-1.92688858036757,0.0496340954311589,0.100937351025209
"Rp1",0.258142567371776,493,-1.51150033878013,-50.1042086138862,1.37175286164471e-23,2.29034955406947e-22
"Rp9",0.571428571428571,322,0.357552004618084,-2.60439052387289,0.0224730853650863,0.0516042931818198
"Rpa1",0.44320987654321,270,-0.336596144676197,-1.97262639967767,0.0470037908647434,0.0965364717117013
"Rpa3",0.486577181208054,149,-0.178337241258513,-0.0197758044151328,0.842359851002307,0.94169209192663
"Rpap1",0.491379310344828,174,-0.0755510330071765,-0.0692612638739547,0.70975425979147,0.830666188617323
"Rpap2",0.440727699530516,284,-0.281286110390017,-2.40868256313439,0.0281743822923677,0.0627635094412121
"Rpap3",0.492592592592593,135,-0.0573331750659509,-0.0489439765345168,0.754379046778795,0.869102671125861
"Rpe",0.513333333333333,150,0.0896372124846758,-0.0117964550512113,0.877925265017481,0.973024170871422
"Rpf2",0.649193548387097,124,0.794681092022493,-5.05182148948285,0.0014797651540765,0.0047499682994555
"Rpgrip1l",0.539452495974235,207,0.2720795454368,-0.391716787062023,0.376093083561293,0.514855553102876
"Rph3al",0.517412935323383,134,0.225292311842242,0.0787007292976796,1,1
"Rpl13",0.461079545454545,176,-0.208586621811417,-0.645420008854302,0.255893203802637,0.382188514446662
"Rpl17",0.408163265306122,245,-0.561878887608115,-4.65864878559074,0.00227000550008686,0.00696356349021162
"Rpl21",0.293927648578811,258,-1.23229088240269,-23.2502460250334,9.15954489400721e-12,8.19718204381018e-11
"Rpl36",0.552631578947368,209,0.304854581528421,-0.872058350280525,0.186618057803908,0.298660086785844
"Rpl37a",0.535,200,0.15754127698648,-0.2945602495885,0.442759417882322,0.585115418945885
"Rpl3l",0.636878520834277,2102,0.879167456361022,-54.2794069552247,2.02744109868186e-25,3.60004885035785e-24
"Rpl41",0.458333333333333,228,-0.277853120545339,-0.9818578962103,0.161116478064113,0.264404352265605
"Rpl5",0.520909090909091,275,0.0975165059142631,-0.112751020281621,0.634879242536157,0.768718631626998
"Rpl6",0.555813953488372,215,0.319068440748122,-1.02667932688593,0.151870835244681,0.252066529713724
"Rpl7l1",0.565217391304348,276,0.354108500636512,-1.85373163223431,0.0541696591594962,0.108468601515077
"Rpl9",0.533632286995516,223,0.182864057149811,-0.320225672839001,0.423547405620285,0.565403776158185
"Rpn1",0.416666666666667,160,-0.473931188332412,-2.57240713768451,0.0233159043564899,0.0533389059443627
"Rpn2",0.412299091544375,477,-0.504792152037172,-8.13053357324713,5.51862976310419e-05,0.000237138559346705
"Rprd1a",0.622374686716792,1140,0.901018250449321,-21.7897423037398,4.0708433834794e-11,3.4630545994821e-10
"Rprd1b",0.528470490440565,802,0.21280637250725,-0.481419771173137,0.326472492553357,0.460740826328455
"Rprd2",0.544871794871795,949,0.222392421336448,-2.48579866136811,0.0257668410316537,0.0581334578166251
"Rps13",0.618015414258189,346,0.651152780415623,-8.66184380691817,3.15232790280154e-05,0.00014040096140414
"Rps15",0.480606060606061,275,-0.098180393938903,-0.371543686194372,0.388673674038052,0.527985772139933
"Rps18",0.462339743589744,208,-0.168397531695719,-0.788031661681202,0.209328652480168,0.326671452091813
"Rps19",0.475352112676056,142,-0.094327382548153,-0.250127106631822,0.479388444384673,0.620330680298809
"Rps2",0.521050724637681,460,0.125530882083859,-0.0516259962557797,0.747961475398275,0.864826429435524
"Rps3a1",0.390881913303438,223,-0.595158267827045,-5.94735653635681,0.000562934990442787,0.00198030380285744
"Rps6",0.39922480620155,172,-0.637429920615292,-3.90328410448066,0.00520566699230042,0.014480081579909
"Rps6ka2",0.573985966935794,1734,0.451892321683907,-9.69767111760029,1.0626591820651e-05,5.08379788312256e-05
"Rps6ka5",0.522585528307599,1101,0.113474864508788,-0.305221062477131,0.434621390843469,0.57663150332899
"Rps6kb1",0.535682957393484,1216,0.193363372724916,-1.97582271718534,0.0468255602994317,0.0963498346811114
"Rps6kc1",0.548519736842105,608,0.242360837569044,-1.98392457624925,0.0463769752185335,0.0956529752860562
"Rps8",0.425233644859813,214,-0.418713157422242,-2.79776529338733,0.0180063565400367,0.0428424902859717
"Rpsa",0.474358974358974,234,-0.171271427149829,-0.460112533596231,0.337415883912631,0.472706201799537
"Rptor",0.543841794301212,1959,0.263905335555921,-4.33659299482224,0.00322926134316456,0.00949400005927311
"Rrad",0.377612969222558,1022,-0.764821423707709,-29.4901150580445,1.59264122739159e-14,1.74101106160461e-13
"Rragc",0.518050541516246,277,0.126377285769555,-0.0657685534810923,0.716843607324598,0.83725513053204
"Rragd",0.377619047619048,350,-0.746425923415273,-11.2499271440826,2.1015953666269e-06,1.12757059159071e-05
"Rras2",0.596678646301288,795,0.617280220993885,-11.2781563130175,2.04072854139647e-06,1.09578959758825e-05
"Rrbp1",0.498505523066927,513,-0.00481701629777653,-0.0419687688329304,0.77203064028122,0.883976400130936
"Rreb1",0.61752688172043,1085,0.649757623518224,-24.0914531401343,3.88258286432645e-12,3.5407467643151e-11
"Rrm2b",0.4625,240,-0.263034405833793,-0.958304072158853,0.166231059117925,0.271140429841922
"Rrp12",0.540425531914894,235,0.230883882230088,-0.541881145432029,0.297857427919021,0.429939581976876
"Rsbn1",0.47165991902834,247,-0.177787119215282,-0.570129545303473,0.285597587031607,0.415910393611661
"Rsbn1l",0.473751680723628,1818,-0.168839043513063,-3.67144424664093,0.00673285672938019,0.0179971861280764
"Rsf1os1",0.453959484346225,181,-0.306331239836344,-0.971181864396272,0.163412113815206,0.267541279380978
"Rsf1os2",0.415094339622642,212,-0.532873989572701,-3.45704077989183,0.00855195558069973,0.0222569700882732
"Rsl1d1",0.439967105263158,304,-0.227805917522812,-2.43122857887352,0.0274472189123034,0.0613472305492442
"Rsph3a",0.343454790823212,247,-0.90484276695966,-12.9930548503077,3.43882680629862e-07,2.01937056201893e-06
"Rsph3b",0.580366774541532,309,0.484033591870375,-3.27415670603119,0.0104983629641156,0.0267927803099408
"Rspry1",0.505780346820809,346,0.0288548626721852,-0.000174584898275043,0.985091528368954,1
"Rsrc1",0.558752515090543,994,0.313518739448828,-4.82012280095068,0.00190359781409443,0.00594276675730318
"Rsrc2",0.498716073460101,1465,0.00265445344597781,-0.188245944542814,0.539486723646834,0.679099575171452
"Rsu1",0.577441077441077,297,0.500613230984918,-2.93311213969898,0.0154341205351661,0.0376021114453848
"Rtca",0.31390134529148,223,-1.13039663725568,-16.7391436953048,7.20640043861941e-09,5.05426956572763e-08
"Rtel1",0.484283625730994,228,-0.0811367627254054,-0.170396746840112,0.559371560062162,0.697603476614127
"Rtf1",0.497142203932327,729,-0.0197182346145053,-0.121346961753716,0.622267155985452,0.757189476246258
"Rtn3",0.517449177153921,2066,0.0962991157360711,-0.274737204822941,0.458532529603936,0.60111393391312
"Rtn4",0.458543417366947,476,-0.188129596819903,-2.01399104308899,0.0447514380215592,0.0928505879445766
"Rtn4ip1",0.595238095238095,427,0.594946589293778,-6.32462684326327,0.000375715632456833,0.00138408524975316
"Rtn4rl1",0.481804949053857,229,-0.107713817300254,-0.253755598726883,0.476218228948113,0.617576950851758
"Rttn",0.405509478672986,844,-0.52341906544719,-15.7716195780131,1.95048288638544e-08,1.30785625708482e-07
"Rubcn",0.456948493683188,1029,-0.253678110263395,-4.63545923224365,0.00232820923274119,0.00711933502057353
"Rufy1",0.579680891964629,867,0.472431505202684,-8.36333232253264,4.31699664370462e-05,0.000188276032960009
"Rufy2",0.528322440087146,306,0.175086706558091,-0.262872617187099,0.468401164751751,0.611624168988396
"Rufy3",0.538264462809917,605,0.284096021361623,-0.842057552553229,0.194378548025734,0.307812876680471
"Rundc1",0.557788944723618,199,0.345774836841731,-1.02847004956874,0.151514156821245,0.251785843175092
"Runx1",0.63061797752809,178,0.595158267827045,-4.4479832351106,0.00285801289596983,0.00852956094164052
"Runx1t1",0.400469483568075,355,-0.584962500721156,-7.82874129769033,7.59116366018033e-05,0.000317853340531069
"Rusc2",0.0786413671471143,783,-3.83216667745323,-493.013535325415,1.9565836010886e-216,3.86252621485491e-214
"Rwdd3",0.28099173553719,121,-1.39993060688864,-12.6778835227282,4.76725002323022e-07,2.76080950439355e-06
"Rwdd4a",0.438572719060524,369,-0.380948608699563,-3.27994592339951,0.0104302705345841,0.0266494007720321
"Rxrg",0.575946445060018,361,0.462478494196161,-3.22161583303205,0.0111375850046356,0.0282096115287222
"Rxylt1",0.389115646258503,245,-0.59352451422458,-6.5562415975464,0.000293334616453478,0.00110672397168957
"Rybp",0.481378299120235,341,-0.215728691055437,-0.173351239613964,0.555985738450646,0.69435314228218
"Ryk",0.381756756756757,296,-0.637429920615292,-9.01181714920455,2.1817938048148e-05,9.97561309122406e-05
"Ryr2",0.459540802917278,5785,-0.219759093558204,-216.208791633591,4.83843202821695e-96,3.56874239268046e-94
"S100a1",0.585216572504708,354,0.533269266539664,-4.26898867982408,0.00347811917634278,0.010163315590602
"S100pbp",0.480434782608696,460,-0.0861566437497148,-0.587651281110936,0.278314379448622,0.407425543044526
"Sacm1l",0.470418560606061,1600,-0.230019348605831,-2.46996208746486,0.0262431878604083,0.0590691740171229
"Sacs",0.493658231802562,1067,0.0104923738176423,-0.175597098987964,0.553437900821949,0.692261496518249
"Sae1",0.51038715769594,353,0.0294437778924816,0.00685325976502327,1,1
"Safb",0.317416131334761,467,-1.12700527673532,-32.5678151358731,6.9916424002053e-16,8.32055031740744e-15
"Safb2",0.517445109780439,835,0.13668867196838,0.0124396462799723,1,1
"Samd12",0.482804232804233,126,-0.167456745851563,-0.0742159954178732,0.70003832995553,0.823170509926685
"Samd4",0.470907206579135,3750,-0.185367201057201,-20.1878001041468,2.09541707279667e-10,1.69043742699655e-09
"Samd5",0.494551282051282,260,0.00866486112712739,-0.0396941999672435,0.778127949155916,0.888986348039916
"Samd8",0.485443959243086,229,-0.0221957461141962,-0.15390097091867,0.579032144169615,0.717456849116939
"Samhd1",0.596926713947991,141,0.561878887608115,-2.19731259027355,0.0360523836278529,0.0775339951650587
"Samm50",0.446526151444184,427,-0.266354764125405,-2.96367502543865,0.0149076431467858,0.0364971598725498
"Sanbr",0.549280575539568,417,0.265189290537468,-1.45163125216266,0.0884004676958866,0.162348286517813
"Sap130",0.463780418788908,589,-0.216708782832865,-2.15070110997658,0.038080962808286,0.0811426737680049
"Sap18",0.582142857142857,140,0.482151695137381,-1.57777423594793,0.0756692590399042,0.14335085144675
"Sap30bp",0.534285714285714,175,0.169925001442312,-0.257796435744581,0.472727716327408,0.614714355233933
"Sar1a",0.561068507157464,652,0.423650629583552,-3.05160193228107,0.0134937022684232,0.0334205644375116
"Sar1b",0.477386421643696,653,-0.140681656320945,-1.0780381893494,0.142006896367458,0.239244550305819
"Saraf",0.578697714532126,773,0.501862121080204,-7.58190072436798,9.85751243876789e-05,0.00040430154872658
"Sarnp",0.522313874788494,788,0.0889509229097483,-0.339166771679857,0.41016115371941,0.550490234705994
"Sars2",0.572115384615385,104,0.472752997135131,-0.847632190167175,0.192908459216486,0.306099663891502
"Sash1",0.448420556341348,707,-0.359895945086383,-4.23756132713083,0.00360036107386355,0.0104840015304868
"Satb1",0.515613652868555,459,0.174424388152845,0.274225829387262,1,1
"Sav1",0.542279411764706,272,0.280736407567253,-0.633298465209862,0.260406065544303,0.387200909187292
"Sbf2",0.475759109311741,1976,-0.177345941559513,-1.98002456506492,0.046592343490998,0.095987664061258
"Sbk1",0.507619904693339,2315,0.14582262788134,2.41098239035455,1,1
"Sbno1",0.551211453744493,908,0.264442600226602,-3.07601623228902,0.013126116844969,0.0325943382402633
"Scaf1",0.691449814126394,269,1.17910832360765,-18.4664932073345,1.22259895013346e-09,9.28290062590023e-09
"Scaf11",0.466927083333333,576,-0.216377005918677,-1.51051667718991,0.0821910793456966,0.153198146228358
"Scaf4",0.555611559139785,992,0.290658653542146,-4.04511163605162,0.00445046792123365,0.0126522531556334
"Scaf8",0.533027896558746,1637,0.148255999297412,-2.07738230687664,0.0415175440681232,0.0871886724515758
"Scamp1",0.457109737248841,647,-0.247708674604957,-2.94829539199532,0.0151702209138739,0.0370016557912294
"Scamp2",0.511337868480726,294,0.0874628412503391,0.00843088718431773,1,1
"Scap",0.503968253968254,168,0.106915203916512,0.055431292008393,1,1
"Scaper",0.514056597834299,1444,0.0901097538543092,-0.0793244689166386,0.690403464879473,0.81569935861134
"Scarb2",0.687308387247188,817,1.22561920649037,-48.3569830803417,8.01022293838716e-23,1.27706927226733e-21
"Scarf1",0.466012514220705,1172,-0.199115689283169,-3.56788207287946,0.00755614359709224,0.0199672581983004
"Sccpdh",0.605225988700565,236,0.622930350920177,-4.63383184520004,0.00233235024706099,0.00712874993546146
"Scfd1",0.553521408563425,833,0.329870116016167,-3.03501230135043,0.0137495045593167,0.0340039331621717
"Scfd2",0.507959501557632,1070,-0.0101384467895835,0.221119483799157,1,1
"Schip1",0.510772539925575,2751,0.0791749168335868,0.116714987385421,1,1
"Scin",0.989473684210526,95,5.74146698640115,-64.2607251995942,8.63093955536552e-30,1.80469988459855e-28
"Sclt1",0.526802191464821,1156,0.122304096929938,-0.873249972982194,0.186317343599034,0.298392271590722
"Scly",0.482804232804233,378,-0.113210610447991,-0.405476745829503,0.367838500690992,0.506863481141026
"Scmh1",0.51779089376054,593,0.144183588985751,-0.0207767998098234,0.838473062790762,0.938597597973915
"Scn5a",0.516001086661233,1227,0.0911828137990649,-0.113257150893787,0.634120553403254,0.768408946460127
"Scp2",0.646486229819563,1053,0.854767864532386,-39.0888918316516,9.41717190957206e-19,1.27951534123578e-17
"Scrn3",0.626811594202899,276,0.701404408943262,-7.73056216633989,8.42197677596398e-05,0.000350889560026507
"Scube2",0.375700090334237,369,-0.506667974744412,-11.6877265054245,1.33268343911096e-06,7.33795836202849e-06
"Scyl2",0.425101214574899,494,-0.453432878015854,-6.33161659133032,0.000372916767967366,0.00137604032248321
"Scyl3",0.546783625730994,171,0.263034405833794,-0.548841621371935,0.294775098406658,0.42685457430244
"Sdad1",0.432234432234432,182,-0.355094958822562,-2.00887014565728,0.0450240005853728,0.0933007384776234
"Sdc2",0.715189873417722,237,1.59171986689647,-20.2060674875288,2.05659773382229e-10,1.66111720690917e-09
"Sdcbp",0.447712418300654,510,-0.261297265297737,-3.28722084022263,0.01034534500891,0.0264727242469707
"Sdccag8",0.474159248269041,674,-0.13251437166226,-1.29402198406126,0.107673233945457,0.19129241562782
"Sde2",0.494949494949495,165,-0.17364808748503,0.222755915131643,1,1
"Sdf2",0.63561320754717,424,0.806149159312207,-14.1091126211619,1.0837924873329e-07,6.74181202500317e-07
"Sdf4",0.493896713615023,355,-0.00757321970480085,-0.0885244319153458,0.673921763711995,0.802014694687041
"Sdha",0.579690591833063,1853,0.444934290545914,-15.3958626928825,2.87260155126879e-08,1.88474111555388e-07
"Sdhaf2",0.477336122733612,478,-0.141127737134878,-0.860040833717335,0.189682532909714,0.301837164743954
"Sdhaf3",0.446549019607843,850,-0.291356395868807,-5.81236076990956,0.000650809830685394,0.00226216239438652
"Sdhb",0.558848058378942,1279,0.346577380157385,-5.86718271681275,0.000613565014862438,0.00214543465982684
"Sdhc",0.532608695652174,943,0.168200320972852,-1.13987986818688,0.131072177257567,0.22392747888128
"Sdhd",0.32690329218107,324,-0.916858764699755,-20.1434720926022,2.19269409214729e-10,1.76679024567738e-09
"Sdk1",0.3182301438399,533,-1.012962306794,-33.58042511727,2.50234304022334e-16,3.06491359233194e-15
"Sdsl",0.267857142857143,252,-1.45212681801406,-28.6340765439487,3.80263048377307e-14,4.05775132068121e-13
"Sec11a",0.433234421364985,337,-0.39231742277876,-3.53408326639777,0.00784655100832703,0.0206452569062685
"Sec14l1",0.569767441860465,344,0.419538891513785,-2.63215250021449,0.0217671124611704,0.0502623084982823
"Sec22a",0.562214611872146,584,0.400999665878561,-3.52706550104159,0.00790826639414466,0.0207831965691069
"Sec22b",0.343470790378007,485,-0.936036941268035,-25.3042179504719,1.12759325839912e-12,1.06898389129588e-11
"Sec23a",0.550980392156863,510,0.259316117587684,-1.92264091472759,0.0498861371382925,0.101281231842777
"Sec23b",0.454263565891473,215,-0.249359468936717,-1.08208044332156,0.141261715295951,0.23834807266627
"Sec23ip",0.43564650059312,281,-0.305345210691758,-2.67629394321276,0.0206915375472187,0.0481058538333675
"Sec24a",0.523805633364457,1224,0.176259567232427,-0.374858808996578,0.386565649310108,0.525792801312796
"Sec24b",0.502545374059318,753,-0.00651330695867447,0.0130048261017919,1,1
"Sec31a",0.46334808259587,904,-0.195874591880965,-3.26090290505067,0.0106559752038299,0.0271640355366905
"Sec31b",0.472222222222222,594,-0.160936218215058,-1.26767169278423,0.111322666045699,0.196579251380882
"Sec61a2",0.547155688622755,668,0.289138159769693,-2.11501623191805,0.0397146809650151,0.0841248444905644
"Sec62",0.464962121212121,792,-0.19835872913679,-2.55555807928317,0.0237730213745929,0.0542736460769619
"Sec63",0.500642260757868,1038,0.00220764395165141,-0.112724871620912,0.634918496000132,0.768718631626998
"Secisbp2",0.53591544410918,1373,0.224110938562747,-1.97274170297305,0.0469973489908466,0.0965364717117013
"Secisbp2l",0.446114146933819,549,-0.264732693305819,-3.87742516330411,0.00535684808004182,0.0148452371235511
"Seh1l",0.535670356703567,271,0.20163386116965,-0.42515482871346,0.356464751951066,0.493928863562253
"Sel1l",0.496070460704607,615,-0.0475656832520559,-0.0804016718536786,0.688417972368289,0.814213467935851
"Selenbp1",0.580527497194164,297,0.387604269155731,-3.13247845770331,0.012314916430659,0.030830928415734
"Selenof",0.492445703493862,353,0.0144995696951149,-0.0694551925876681,0.709366648512365,0.830502170733472
"Selenoi",0.563926940639269,292,0.370183263494583,-1.81824259728529,0.0565261493779226,0.112183179959969
"Selenop",0.4041822721598,267,-0.535209465524057,-5.48869573919922,0.000922301585157928,0.0030875253065237
"Selenot",0.479462875197472,422,-0.150779952175609,-0.507735565225516,0.313595683766171,0.446511291777373
"Sem1",0.459587020648968,565,-0.218264535713771,-2.39203108261381,0.0287242852458302,0.0636715332133461
"Sema3a",0.710515873015873,258,0.868755466721748,-19.3452866450754,4.96601638490406e-10,3.90303301820563e-09
"Sema3c",0.503220191470844,383,-0.0577154978562868,0.14669691948194,1,1
"Sema4b",0.532664609053498,324,0.218772105657751,-0.45281871888335,0.341274590754603,0.477016879038921
"Sema4d",0.416666666666667,264,-0.50106124311221,-4.13654941789545,0.00402367724522612,0.0115463538563308
"Sema5a",0.200249627887423,635,-2.18350340794285,-108.938996040857,2.62577562658782e-49,9.73713038986601e-48
"Sema6d",0.544486215538847,266,0.289506617194985,-0.638320762215471,0.258524422129026,0.384919237207192
"Senp1",0.509872241579559,574,0.0691243606548202,-0.0109285987144858,0.88246762122654,0.975802746898277
"Senp2",0.521212121212121,990,0.0766212816029124,-0.308473753750832,0.432183878167357,0.573964818017274
"Senp5",0.521957671957672,315,0.0397461787927567,-0.0122356115847424,0.875691879079645,0.970709148205215
"Senp6",0.490055153395381,1934,-0.0588522614654914,-0.870510179005123,0.187009592561248,0.298993747228573
"Senp7",0.480068123091379,1419,-0.123188543968218,-1.92503340377925,0.0497440092889829,0.101053810637909
"Senp8",0.502403846153846,208,0.0248746686390291,-0.00501036773542296,0.9202620585168,1
"Sephs1",0.463541666666667,192,-0.239827014672469,-0.686224732051841,0.241391477352653,0.365161053863197
"Sepsecs",0.543046357615894,453,0.210419779670372,-1.13361683860148,0.132135574596052,0.225271520621971
"Septin10",0.538759689922481,129,0.145430439521564,-0.223217756971536,0.504032550504625,0.645746607937973
"Septin11",0.366792929292929,264,-0.629481167499801,-9.95965944313681,8.07799083470299e-06,3.92326153998021e-05
"Septin2",0.507706766917293,532,0.0888812810862509,0.0746747022207046,1,1
"Septin7",0.462640901771337,1449,-0.294395559849678,-3.93971378681817,0.00500003042117545,0.0140009195606715
"Septin8",0.475586854460094,355,-0.169925001442312,-0.608675346298014,0.269881206948044,0.397944345570139
"Septin9",0.41304347826087,207,-0.538668848447221,-3.5187991313739,0.00798159937420113,0.0209595050859304
"Serac1",0.463848039215686,272,-0.20163386116965,-0.984048472641177,0.160650005445867,0.264026159782727
"Serbp1",0.445870206489676,1130,-0.270035110613354,-8.0559519128492,5.97075568088531e-05,0.000254448965905411
"Serf2",0.38628841607565,282,-0.624490864907794,-7.94145620169053,6.73843715513694e-05,0.000284276493936387
"Sergef",0.567251461988304,171,0.383914981783064,-1.25744359333694,0.112775703682675,0.198466314399086
"Serinc1",0.448886328725038,620,-0.303392143449935,-3.53422806038441,0.00784528286468109,0.0206452569062685
"Serinc3",0.46007343550447,1044,-0.209263149392813,-4.01387228237695,0.00460661673583826,0.012985977123455
"Serinc5",0.351464435146443,239,-0.839535327806754,-11.4287402037145,1.74468981908558e-06,9.46096299649694e-06
"Serpinb6a",0.306937172774869,382,-1.2082713130918,-30.6370197519376,4.96585134802454e-15,5.61124482288564e-14
"Serpine1",0.422870173695494,1226,-0.528422459115832,-13.6510809808128,1.74016734341207e-07,1.05225254134971e-06
"Serpinh1",0.545343137254902,204,0.177396250873447,-0.499789900316188,0.317412205174914,0.450986480711668
"Sertad2",0.458697411003236,412,-0.27039779424728,-1.7900276077911,0.0584772075504872,0.115440887376138
"Sesn1",0.502841947434875,2432,-0.0257375614136082,0.0384237435478099,1,1
"Sesn3",0.458041958041958,143,-0.187627003175772,-0.634551269884398,0.25993511035258,0.386590839948265
"Sestd1",0.638849487785658,846,0.803481912910398,-28.2933883115809,5.37722320519468e-14,5.62179472792316e-13
"Setbp1",0.455486022330428,2860,-0.266658028117796,-14.0267673128624,1.18005381601587e-07,7.30675388662224e-07
"Setd1b",0.55,350,0.264306063069842,-1.22470199535223,0.117569501545387,0.204755187953461
"Setd2",0.452994955863808,1586,-0.278535499373982,-8.33419739600322,4.45165172065495e-05,0.000193770987996343
"Setd3",0.550086355785838,772,0.311039778744626,-2.81404937353466,0.0176747916571236,0.0421582095247384
"Setd5",0.495059558679945,1707,-0.0620987757619651,-0.10898590295028,0.640589664890996,0.773194872074843
"Setd7",0.54199604743083,506,0.187231581756031,-1.22758138296751,0.117139025842141,0.204164409621515
"Setdb1",0.519082633053221,476,0.10573925353958,-0.141606075755931,0.594603546381498,0.731484421428265
"Setdb2",0.313063063063063,222,-1.0663424948287,-16.7126417820829,7.40549446037725e-09,5.17767487688043e-08
"Setx",0.500441919191919,792,0.0657834190453426,0.164026411190889,1,1
"Sf1",0.532200811359026,986,0.173912709918481,-1.20073549530571,0.12122121625729,0.209916615974957
"Sf3b1",0.523374878857535,2386,0.367477661253428,11.9347822192181,1,1
"Sf3b3",0.533560864618885,293,0.226770861847022,-0.424218416796606,0.356994926367876,0.494459336727442
"Sfi1",0.527393753200205,651,0.194728392442885,-0.434621786217576,0.351164804890056,0.487995480418645
"Sfmbt1",0.426505125210847,734,-0.445076325660227,-8.77117620481897,2.80978603976124e-05,0.000125812434282037
"Sfpq",0.504640250260688,959,0.0115323958676252,0.0149988499970277,1,1
"Sfswap",0.522307132459971,916,0.102623207390656,-0.392477398672781,0.37563005723162,0.514536519211967
"Sft2d3",0.351293103448276,232,-0.900464326449086,-10.7777083082359,3.43750439646115e-06,1.77667577807671e-05
"Sfxn1",0.472868217054264,86,0,-0.0703514826822271,0.707583167359512,0.829426863310696
"Sfxn2",0.511666666666667,520,0.104451163965031,0.00112255861762378,1,1
"Sfxn4",0.521701388888889,192,0.166649869409452,-0.0501616629625516,0.751441974793315,0.86720745096505
"Sgca",0.409240924092409,707,-0.537085873770375,-12.5819364052169,5.26594754237843e-07,3.026116430175e-06
"Sgcb",0.472222222222222,681,-0.143103511531808,-1.48372701169035,0.0849554611941076,0.157432649236568
"Sgce",0.336065573770492,122,-1.1926450779424,-6.91231755998437,0.000200687558953293,0.000784059892720898
"Sgcg",0.532424982424982,2145,0.206347454761128,-2.07816313028161,0.0414792780160226,0.087138940232721
"Sgk3",0.521456084656085,1125,0.0516894770115006,-0.159716771788226,0.571948263506973,0.710252866726883
"Sgms1",0.509628697293895,681,0.00334344307437062,0.11005219244953,1,1
"Sgo2a",0.976303317535545,211,5.27301849440642,-134.133351133612,2.70818523009303e-60,1.19291853456548e-58
"Sgpl1",0.461934156378601,162,-0.18844508941311,-0.670126503256171,0.246989354939481,0.371978189612143
"Sgpp1",0.440217391304348,92,-0.0515303006400822,-0.327254392083276,0.418505269102553,0.559674709347746
"Sgta",0.497950819672131,244,-0.0227200765000832,-0.0324367145526026,0.798952785727588,0.905992751782998
"Sh2d4a",0.645314353499407,281,0.897552731029183,-10.6903709448289,3.76534379358263e-06,1.93366392827289e-05
"Sh3bgr",0.565024741340531,741,0.397070952749395,-4.36241729296069,0.00313904548099254,0.00926936791395599
"Sh3bp5",0.49223784417106,569,-0.102787318293835,-0.0565165753680503,0.736717013055285,0.854854275793212
"Sh3bp5l",0.498168498168498,273,-0.00978102079258569,-0.0368350234871855,0.78606627808704,0.894098772838537
"Sh3d19",0.814814814814815,369,2.54826770074047,-134.298777815187,2.29386991495779e-60,1.01963277279448e-58
"Sh3gl1",0.451857282502444,341,-0.335286477742382,-1.61726525144496,0.0721009667726081,0.137679001131649
"Sh3gl2",0.315217391304348,414,-1.01140476327225,-29.9468352220326,1.00122928347178e-14,1.11078528110125e-13
"Sh3glb1",0.497412935323383,1005,-0.0183493098788916,-0.140480850188851,0.596071576025604,0.732887418626828
"Sh3pxd2a",0.479764939110733,1177,-0.095673367494598,-1.48177830849136,0.0851604288083163,0.157725385806131
"Sh3rf1",0.393121693121693,189,-0.550197082560479,-4.82620221658951,0.00189103899170319,0.00590905666308742
"Sh3rf2",0.590410146989094,703,0.487374441426054,-9.30965852753161,1.59595196868141e-05,7.43374712962502e-05
"Sh3rf3",0.457317073170732,82,-0.231325546106456,-0.3896340771852,0.37736505766744,0.515860339524208
"Shb",0.508481729703343,1277,0.160140489271622,1.14008040503927,1,1
"Shisa6",0.911783804430863,374,3.50996901143303,-254.185776557075,1.43390103878286e-112,1.21827136358361e-110
"Shld1",0.549642714596671,3164,0.346399351635774,-13.0742941728081,3.1612813561216e-07,1.86290785445901e-06
"Shld2",0.429,250,-0.373043410614216,-3.02764727854671,0.0138646625691172,0.0342382690080627
"Shoc2",0.475694444444444,672,-0.105832912012124,-1.20444516026578,0.120647861869874,0.209085579362406
"Shprh",0.522965879265092,762,0.0884203610577647,-0.313560113444396,0.42841360532053,0.570269834982268
"Shq1",0.513297872340426,188,0.084888897586513,-0.0173191447219665,0.852355640457642,0.950334062915564
"Shroom3",0.531916701764924,2397,0.161521034859565,-2.96947473576483,0.0148098434577765,0.0362919566588521
"Siah1a",0.494859307359307,616,-0.039855988814113,-0.174532028113049,0.554643423864391,0.693558934060176
"Sidt2",0.575858250276855,301,0.415037499278844,-2.88617160087281,0.0162803128245692,0.0394062241898697
"Sik1",0.539180412905903,765,0.23323980357344,-1.12040853480971,0.134409939482618,0.22839481362211
"Sik2",0.537422360248447,966,0.130930869826449,-1.46926704827911,0.0864891918704795,0.159512415245543
"Sik3",0.487779385878901,3889,-0.0944342346584935,-6.14853475327618,0.000453670050175583,0.00163185068423286
"Sil1",0.574752475247525,505,0.452512204697507,-4.24927919786194,0.00355427975367878,0.0103633039559913
"Simc1",0.489247311827957,93,-0.0840642647884753,-0.0510691874523843,0.749278436208258,0.865603591020624
"Sin3a",0.502411575562701,311,0,-0.0124092958331801,0.874819936136433,0.970223299958317
"Sipa1l1",0.494910941475827,655,0.0803564548556666,0.350758699088715,1,1
"Sipa1l2",0.451749128919861,1025,-0.306958362228696,-4.88358116871245,0.00177656443425255,0.0055851524509148
"Sipa1l3",0.427007299270073,137,-0.409390936137702,-1.71632505061822,0.0639194560249586,0.124319730176622
"Sirt1",0.539965986394558,392,0.247580753427281,-0.692808728314674,0.239146602765061,0.362689177303148
"Sirt2",0.543859649122807,399,0.29598482763508,-1.00309713486433,0.156657875457769,0.25879587990956
"Sirt3",0.488284433577832,818,-0.101538026462062,-0.3900386337084,0.377117509708441,0.515708274241504
"Sirt5",0.816550925925926,288,2.12501257956674,-59.3576976255557,1.20887594780671e-27,2.34507958430019e-26
"Six4",0.538167938931298,131,0.111031312388744,-0.167550806679117,0.56267040314264,0.701196388023283
"Skap2",0.698159943382873,471,1.14201900487243,-33.9011137592146,1.80745179842329e-16,2.22598467358112e-15
"Skic8",0.550335570469799,149,0.199937570508752,-0.50002457397305,0.317298615791023,0.450922784075661
"Skil",0.579310060245935,577,0.449040012790702,-5.97060419163472,0.000549058565806724,0.0019386013117805
"Skp1",0.442541042112777,467,-0.302882339196815,-3.43666208697897,0.00874917592755759,0.0227349859952639
"Slain2",0.413611089055239,2764,-0.495403411106531,-47.205789567276,2.56288652352268e-22,4.04755161079629e-21
"Slbp",0.310576923076923,312,-1.08068784556556,-23.3595665250926,8.19252232220952e-12,7.35136495008961e-11
"Slc10a6",0.109975669099757,137,-2.98994633533608,-56.7919168146327,1.60739594002207e-26,3.01364289090171e-25
"Slc10a7",0.49347471451876,613,-0.0155548141948416,-0.185520779468561,0.542437075997389,0.68167714924068
"Slc11a2",0.280373831775701,321,-1.34845438939755,-33.0084372351469,4.4707890568689e-16,5.37776633507241e-15
"Slc12a2",0.590395480225989,413,0.594946589293778,-5.3693541904741,0.00104917538423848,0.00347241872732185
"Slc12a4",0.54,125,0.189824558880018,-0.256876553128023,0.473518663019337,0.61546422660453
"Slc12a6",0.495,700,-0.010595115239199,-0.184345320295847,0.543718847619953,0.683032173914491
"Slc12a7",0.530265301730763,1549,0.205277477613486,-0.865399947339938,0.188308775847714,0.300169973013614
"Slc16a1",0.456261359505634,1310,-0.248576353140103,-6.05426894622587,0.000501914755797395,0.00179171732378277
"Slc16a10",0.543987158525785,1864,0.264139133261424,-3.62275406607114,0.00710785969751761,0.018939243465557
"Slc16a7",0.279152731326644,299,-1.25663663463564,-30.6543621481587,4.87913507385739e-15,5.52255558444027e-14
"Slc17a5",0.573817762399077,289,0.319936797068271,-2.41515256958456,0.027963680986936,0.0623976817767003
"Slc19a2",0.607235142118863,258,0.568568062470487,-5.05404577715365,0.00147619749672588,0.00474305294304649
"Slc20a1",0.562353821685845,509,0.369889133338531,-2.90328801498754,0.0159663514241703,0.0387021129501737
"Slc20a2",0.57522954783152,2231,0.372154325860056,-15.9265151190343,1.66290043270623e-08,1.12174750797229e-07
"Slc22a23",0.487618432385874,774,-0.0748872116309913,-0.557096262777804,0.291172398962441,0.422836248774536
"Slc22a3",0.428846153846154,130,-0.444302093784038,-1.42708123378694,0.0911376939399023,0.166453388224388
"Slc22a4",0.466495901639344,488,-0.262193429394423,-1.00243690790478,0.156794340726323,0.258835151189004
"Slc22a5",0.379554263565891,1032,-0.765205777021479,-29.6155682947613,1.40197846292096e-14,1.54011120182087e-13
"Slc23a2",0.552607229171646,815,0.437310050328269,-1.29377299691646,0.107707096484257,0.191301940090589
"Slc24a2",0.737181909800957,126,1.31034012061215,-11.1353255895006,2.36798295438098e-06,1.25942167906538e-05
"Slc25a12",0.472390509432394,2674,-0.137503523749935,-5.05316356646972,0.00147761147956456,0.00474532452193174
"Slc25a13",0.371058034882934,3390,-0.770197593563902,-171.228946078782,1.86033435340163e-76,1.02348886721571e-74
"Slc25a16",0.573972602739726,365,0.454115021261535,-3.23566844770119,0.0109628034017881,0.0278509978928092
"Slc25a17",0.552039381153305,474,0.305738856788031,-1.85158654335214,0.0543090945854743,0.108696397818658
"Slc25a21",0.0951327433628319,113,-2.63420601974101,-39.7844407044068,4.65702953938931e-19,6.41847685182363e-18
"Slc25a23",0.420547385620915,408,-0.493606551652953,-5.61594477383176,0.000804037434730456,0.00272698295195089
"Slc25a26",0.566953441295547,988,0.376884676319664,-6.44567594314435,0.000330103904190714,0.0012329757400824
"Slc25a27",0.525108577633008,614,0.133387415277703,-0.333615072604857,0.414018974415589,0.554559041364485
"Slc25a3",0.53837505652156,2703,0.214385768578498,-3.88925814449067,0.00528712029051292,0.0146823133595046
"Slc25a32",0.535483870967742,155,0.179549420330713,-0.254564040616245,0.475516546822449,0.617232273672351
"Slc25a33",0.463655381227636,865,-0.173430944943848,-3.03436795691891,0.0137595400081392,0.0340048977230926
"Slc25a34",0.575810185185185,576,0.537309525129741,-4.53504018914589,0.00259825648331649,0.00783445530818522
"Slc25a36",0.513361462728551,237,0.0745469533650542,-0.0288212878272702,0.810261507408508,0.914490539385557
"Slc25a38",0.493788819875776,161,-0.0984037040609946,-0.0111739689145338,0.881165211013207,0.975242311073315
"Slc25a4",0.414394913216428,2482,-0.482176686173714,-35.3253595735337,4.26412239244453e-17,5.37984765001648e-16
"Slc25a40",0.53129117259552,506,0.207488414398796,-0.586135718612752,0.278935012441066,0.407978165941258
"Slc25a42",0.584164588528678,802,0.448651779884055,-9.08842226880427,2.01311615646954e-05,9.26116219480707e-05
"Slc25a46",0.501259842519685,1270,0.0221041867068643,-0.0760099765068389,0.696612444554063,0.820867754186599
"Slc25a51",0.580606060606061,275,0.501821265420911,-2.87745025142033,0.0164427268032447,0.0397563336827733
"Slc26a11",0.5,81,-0.061400544664143,0.0128946804451999,1,1
"Slc26a4",0.298076923076923,52,-0.941106310946432,-4.24377444495439,0.00357585240340503,0.0104216766529112
"Slc26a7",0.215447154471545,164,-1.877744249949,-28.5946899540675,3.95802710787641e-14,4.21018667956679e-13
"Slc27a1",0.677107652399481,1028,1.02443923558586,-51.3973766718354,3.71732710530309e-24,6.3649743701006e-23
"Slc29a2",0.483443708609272,151,-0.0712586831698214,-0.151516683425598,0.581986991844532,0.719789329143264
"Slc30a5",0.47944339025933,527,-0.139651990328512,-0.668938368185877,0.247408757359691,0.37233353798167
"Slc30a6",0.570093457943925,214,0.400537929583729,-1.71019181890989,0.0643960467258491,0.125101668776816
"Slc30a9",0.533206857785273,1186,0.190605932668797,-1.70426146267732,0.064860478922509,0.125894602234783
"Slc31a1",0.582600195503421,341,0.51542156746808,-3.61395152425735,0.00717790014681223,0.0190804220932292
"Slc31a2",0.46137339055794,233,-0.243925582886089,-0.918098641798082,0.175397303624163,0.284226630112356
"Slc35a3",0.473530941237649,641,-0.155196664291757,-1.27412676387792,0.110416249737094,0.195235476352838
"Slc35b1",0.443502824858757,177,-0.263034405833794,-1.34246099295791,0.101302186863726,0.181526668478244
"Slc35b3",0.5,208,0.0510741845942695,0.0162194988630233,1,1
"Slc35d1",0.543617998163453,363,0.222392421336449,-0.921531145694246,0.174592451702955,0.28316604816154
"Slc35e2",0.616084788029925,1203,0.62510189157437,-26.2702941715122,4.21447604551656e-13,4.13560865753028e-12
"Slc35f1",0.898058252427185,103,3.4093909361377,-35.7797990615199,2.69008829968313e-17,3.4196728536881e-16
"Slc35f5",0.510436694239511,1491,0.026255411444803,0.0686480326967285,1,1
"Slc36a2",0.993775933609959,241,7.07681559705083,-173.362673377313,2.18902738691876e-77,1.23468502697468e-75
"Slc38a10",0.506696428571429,224,-0.0117771677763532,0.0335980233364239,1,1
"Slc38a2",0.4058473110315,2416,-0.538766288809335,-45.5763453387508,1.33002456487542e-21,2.06646409246385e-20
"Slc38a3",0.608409180846854,1083,0.680382065799839,-18.6364019972345,1.02706947042614e-09,7.84265106427786e-09
"Slc38a4",0.174242424242424,66,-2.38702312310925,-15.4374927482588,2.75196134099397e-08,1.80735464978e-07
"Slc38a6",0.57485549132948,346,0.460226273045099,-3.20870386864044,0.0113007000761211,0.0285903878292216
"Slc38a7",0.539363484087102,199,0.248679112856724,-0.359777385165955,0.39628999138496,0.536486168248457
"Slc38a9",0.74,575,1.60407132366886,-62.3106105522597,6.15987796319671e-29,1.23418211608885e-27
"Slc39a10",0.452513966480447,179,-0.241008099503794,-1.01101459757609,0.155031845276207,0.256672099488514
"Slc39a11",0.442231075697211,251,-0.31734082539171,-2.02427304517747,0.0442094050587081,0.091811115951129
"Slc39a14",0.498761998870695,1610,-0.0639273267895506,0.539921603045059,1,1
"Slc3a2",0.463347164591978,241,-0.106915203916512,-0.694068480338302,0.238719974449861,0.36226282353775
"Slc41a3",0.370132743362832,452,-0.734340124759383,-15.3262085904436,3.08641857736559e-08,2.01714133313319e-07
"Slc43a2",0.489290495314592,249,-0.117836490293858,-0.074960097918563,0.698611633675832,0.821924852801435
"Slc44a1",0.56980906921241,419,0.43041272516576,-3.14571725514168,0.0121322819727989,0.0304304471604733
"Slc44a2",0.380952380952381,651,-0.657001976040658,-19.1664972188611,5.96455977671115e-10,4.65513083968433e-09
"Slc46a3",0.481356693620845,371,-0.0986280327277154,-0.505393530760273,0.314714357256887,0.447724197945788
"Slc47a1",0.679012345679012,378,1.11300896182919,-22.4584618571207,2.05573468924689e-11,1.79662646278973e-10
"Slc49a4",0.461178861788618,738,-0.293445718729888,-2.60515513323969,0.0224533274415232,0.051598347228474
"Slc4a1ap",0.505242825607064,302,0.0834160081876369,0.0742662624858781,1,1
"Slc4a3",0.387938060309698,409,-0.650550842348733,-11.2999249335717,1.99500195395133e-06,1.07295297395203e-05
"Slc4a4",0.567645738539528,1723,0.41529400119807,-8.72186611473853,2.95938437767291e-05,0.000132334363377352
"Slc4a7",0.418366715302648,718,-0.55682936173706,-9.14217613552091,1.90263615824992e-05,8.80116739777632e-05
"Slc66a2",0.496535796766744,433,-0.0180715729220182,-0.0834343768187864,0.682909771785581,0.809637718719288
"Slc6a6",0.521322160148976,716,0.114623299051775,-0.13633889576181,0.601541117363078,0.737720442123328
"Slc7a6",0.490086741016109,269,-0.00952277411850577,-0.115772100077919,0.630381183832134,0.764429721026429
"Slc7a6os",0.588495575221239,113,0.52837897235479,-1.5188225262291,0.0813538586158983,0.151995165883868
"Slc7a8",0.655844155844156,77,1.02466205423427,-3.28625061497436,0.010356630074208,0.0264915019276234
"Slc8a1",0.526506820822003,5488,0.176611326731547,-36.6818916103166,1.07826544832689e-17,1.3944735431927e-16
"Slc9a1",0.525096525096525,259,0.0295442756140156,0.0233248177274277,1,1
"Slc9a8",0.481656184486373,477,-0.127379306476228,-0.450033451734498,0.342763772504523,0.478600050145696
"Slco1c1",0.480263157894737,76,-0.350497247084133,0.157779394784633,1,1
"Slco3a1",0.503316807104002,3631,0.0282259277219853,-0.0935691416279951,0.665309149131013,0.79422187731023
"Slco5a1",0.550917431192661,1090,0.225482005978688,-3.76191993978023,0.00608877532161173,0.0164837381147126
"Slf1",0.495842781557067,441,-0.039840264531791,-0.0718309359403406,0.704667417146474,0.82727062675706
"Slf2",0.437885802469136,648,-0.352160296306778,-5.6865003321883,0.000745193940643941,0.00254932711145807
"Slit2",0.384424146936922,206,-0.429557917017556,-5.16723844297806,0.00130568123887928,0.00422535981282393
"Slit3",0.413890391659622,650,-0.372344887328055,-9.53785506544307,1.25633743262494e-05,5.94259115417801e-05
"Slk",0.566999133116951,3272,0.421387129215921,-26.5292294454084,3.23767706130739e-13,3.21468763838687e-12
"Slmap",0.505064112994067,3512,0.0281715087189062,-0.0354689832729491,0.789975966039932,0.898089208004747
"Sltm",0.476949768334252,2333,-0.108772193542046,-4.03977546688884,0.00447675379445396,0.0127106478292618
"Slx4ip",0.468512486427796,307,-0.232290882402686,-0.870913574999861,0.18690748120208,0.298909462432299
"Smad1",0.524912280701754,570,0.126633438531017,-0.374697807571465,0.386667650071508,0.525792801312796
"Smad2",0.479872881355932,472,-0.164119379761106,-0.571815776451388,0.28488626788637,0.415054619069528
"Smad3",0.427433387710712,613,-0.383755409275336,-7.25293610197775,0.000139723317329766,0.000558893269319065
"Smad4",0.475205761316872,810,-0.145605322246899,-1.54645328182221,0.0786342331448819,0.14788259256611
"Smad5",0.531388152077807,377,0.136850868212503,-0.386171021150062,0.379493496565621,0.518453154681142
"Smad6",0.462233169129721,203,-0.178970141045319,-0.730489787141153,0.226774324547854,0.347275671084918
"Smad7",0.607614188532556,490,0.567173187277628,-8.48404972572325,3.8013182214279e-05,0.000166934492085722
"Smap1",0.45964425964426,1443,-0.234465253637023,-5.10767551435856,0.00139276482548141,0.00449002762182097
"Smap2",0.527715355805243,445,0.201903045803492,-0.29795533749791,0.44014255621392,0.582574805227338
"Smarca2",0.468095238095238,350,-0.17597767156457,-0.903192398321437,0.178942516720002,0.288716868323235
"Smarca4",0.451270088128564,643,-0.293046974900233,-3.90053147496258,0.00522155090467282,0.0145122358890948
"Smarca5",0.491882556131261,965,-0.0286163770299441,-0.436897456072757,0.349906854517888,0.487002175440199
"Smarcad1",0.511574074074074,684,0.0603429056906379,-0.0411759662652003,0.774135088788389,0.885541482157634
"Smarcal1",0.526041666666667,288,0.094327382548153,-0.169852781707959,0.559999225604304,0.69812682062706
"Smarcb1",0.483676975945017,485,-0.0622842782543431,-0.46923458578874,0.332671842739255,0.467034806204953
"Smarcc1",0.456083757781551,589,-0.238555429748229,-2.99254370022959,0.0144273277062323,0.0354841420169408
"Smarcc2",0.456435394670689,663,-0.299814255108553,-2.86732519046257,0.0166333789553203,0.0401305677743025
"Smarce1",0.414642857142857,700,-0.508549385201988,-10.8490608106325,3.1910358875922e-06,1.66161620461745e-05
"Smc3",0.571078431372549,204,0.449525875664134,-1.66738193578337,0.0678301423454253,0.130939291177019
"Smc4",0.468152866242038,157,-0.0972972013549152,-0.385861108752337,0.379684797324207,0.518608945795702
"Smc5",0.441997593261131,554,-0.646933393303733,-0.996494838568992,0.158028633078916,0.260483346077034
"Smc6",0.466346153846154,728,-0.231060344811428,-2.12144340578209,0.0394150930593885,0.0835609932452986
"Smchd1",0.5064577817005,1133,0.00197224233160531,0.0932728332081751,1,1
"Smco2",0.0186915887850467,107,-5.89481776330794,-75.1660084864125,1.46686194267148e-34,3.58020994880399e-33
"Smdt1",0.507692307692308,130,0.0406419844973458,-0.000314975417168739,0.979976140295015,1
"Smg1",0.527992343766443,3081,0.146183668942138,-2.92603792617865,0.0155586878025371,0.037878096674149
"Smg5",0.531933508311461,381,0.151243580376238,-0.45615064578584,0.339504554808653,0.475235572862498
"Smg6",0.521375745226775,1893,0.126633438531017,-0.587241011247443,0.278482215806346,0.407582344634147
"Smg7",0.505011261261261,888,0.0583522384782924,0.0585602259234292,1,1
"Smim10l1",0.58501872659176,445,0.518873310263383,-5.19753889928506,0.00126351676143712,0.00409894852719475
"Smim10l3",0.62962962962963,135,0.721698837512895,-4.14472409574866,0.00398761041269553,0.0114629666258667
"Smim13",0.532748538011696,285,0.211504105193712,-0.395449175980275,0.373828621779473,0.512509403083255
"Smim14",0.440652252608023,1447,-0.28184627154669,-11.502856155525,1.61520753228798e-06,8.82121477356949e-06
"Smim19",0.463171036204744,534,-0.220221322294821,-1.78310545866714,0.0589667180222086,0.11616806908279
"Smim20",0.647689768976898,404,0.846028700191169,-15.6684116786085,2.16925957893461e-08,1.44445141803662e-07
"Smim3",0.422680412371134,97,-0.339486466271667,-1.26421731678128,0.111811087927375,0.197027047038209
"Smndc1",0.497455470737913,131,0.0605415419350512,0.0279231398908451,1,1
"Smoc2",0.407407407407407,144,-0.436099114806674,-2.73722189295339,0.0192965004439951,0.0453336055233095
"Smox",0.468098159509202,163,-0.194816176984023,-0.514294581448922,0.310490263201022,0.443323953654524
"Smpd1",0.467948717948718,182,-0.334984247712809,-0.173882394587622,0.555381164045798,0.693974474598576
"Smpd4",0.504975124378109,268,-0.0201778819376299,0.0437330952350692,1,1
"Smu1",0.491489361702128,235,-0.0229004021100794,-0.0935313675336147,0.665372604486445,0.79422187731023
"Smurf1",0.482365145228216,723,-0.133166451432194,-0.715611712773239,0.231564878544445,0.353402333967784
"Smurf2",0.467712470214456,1259,-0.199492019226369,-3.4152394986852,0.00896152295178341,0.0232238386302588
"Smyd1",0.444120144362632,2629,-0.361846643750842,-18.6624182107839,1.00002903785509e-09,7.64486890897877e-09
"Smyd2",0.497674987763093,681,-0.0218594339637392,-0.0973050804802824,0.659107001934696,0.78843810318761
"Smyd3",0.48774560558744,2333,-0.0653431484462283,-1.59208210094266,0.0743550129450582,0.141339803706381
"Smyd4",0.641744548286604,535,0.953564427009715,-18.9725788293073,7.27614393558586e-10,5.63292711599219e-09
"Snap47",0.382936507936508,168,-0.624490864907794,-4.97167172050666,0.00161432075940806,0.00511993015524855
"Snapc3",0.52145676354503,929,0.100401896957838,-0.357740105340099,0.397630495892816,0.5378737713473
"Snapin",0.407142857142857,210,-0.557689570571053,-4.12953333382688,0.00405489696882411,0.0116210369149221
"Snd1",0.519760959939531,2016,0.130879801879296,-0.309021790344104,0.431775233987763,0.573756611121175
"Sned1",0.569106359649123,608,0.38543103719352,-4.57375865665313,0.00249055760214512,0.0075640826360172
"Snf8",0.608843537414966,147,0.789782292609654,-2.8187021998305,0.0175812164694567,0.0419797669665575
"Snhg11",0.624386860007161,266,0.598637437618232,-6.09079177518316,0.000482636541553293,0.00172586918854859
"Snhg14",0.216426756985605,1181,-1.96589214567974,-194.759676123089,1.05321011531523e-86,6.86324882912217e-85
"Snhg20",0.4745269286754,458,-0.14957635605051,-0.87944964309446,0.184761868083458,0.296113098991445
"Snhg4",0.472363945578231,196,-0.270451877396277,-0.193811542367655,0.533551462782279,0.673380368609237
"Snhg6",0.536102868447082,337,0.120294233717711,-0.421774405083681,0.358383777876522,0.495973591156127
"Snhg7",0.494854202401372,1166,-0.104469266556029,0.159552071857661,1,1
"Snhg8",0.670103092783505,194,1.02106161552783,-10.3933338924058,5.13391163342667e-06,2.56580900100966e-05
"Snrk",0.509139784946237,1116,0.0726902774076716,0.0653729271514294,1,1
"Snrnp40",0.608626198083067,313,0.644668746845424,-6.39176639093097,0.000349683922271683,0.00129744526605171
"Snrnp70",0.449388111888112,1144,-0.282201816571752,-6.40346065280664,0.000345339384922561,0.00128416507013863
"Snrpb",0.593530239099859,237,0.525319554293754,-3.45419425650363,0.00857922786811792,0.0223106460483562
"Snta1",0.590175068865943,2093,0.549795646289961,-18.217334765422,1.57869962285797e-09,1.18925161264003e-08
"Sntb1",0.134684684684685,222,-2.88535743405888,-101.920265346766,3.0323610924849e-46,1.00758453726528e-44
"Sntb2",0.614166666666667,200,0.508611614591041,-4.39180274137976,0.00303949835304648,0.00899632532287909
"Snupn",0.348184818481848,202,-0.867896463992655,-9.99664979269031,7.77140059726996e-06,3.78531500790102e-05
"Snurf",0.215686274509804,153,-1.61812936465636,-24.8600338622928,1.77322898698421e-12,1.65995996661618e-11
"Snx1",0.512210012210012,273,0.132103536007345,0.0358481589923372,1,1
"Snx10",0.521052631578947,190,0.0647056893878153,-0.0455524895712358,0.762777075550839,0.875854058017394
"Snx13",0.501030778164924,1476,-0.00980952325800599,-0.105130712501705,0.64656257892157,0.77828694937618
"Snx14",0.43448093220339,944,-0.470125059383053,-8.31577548847508,4.5389647719332e-05,0.000197187906467415
"Snx15",0.543062200956938,209,0.274439169106044,-0.544695611272374,0.296606133623536,0.428594266712847
"Snx16",0.444139194139194,364,-0.325166468953907,-2.68443693032492,0.0204992081543388,0.0477248300839132
"Snx18",0.494236311239193,347,-0.0386804681640598,-0.100354507154748,0.654149157757943,0.784349950511075
"Snx19",0.642156862745098,340,0.789054105314661,-12.5153471931478,5.64248804736047e-07,3.22867687756892e-06
"Snx2",0.508056758056758,693,0.0863716264332535,0.0779163388224333,1,1
"Snx21",0.516335227272727,352,0.0945175987842903,-0.075533409639263,0.697517945233515,0.821213900790625
"Snx24",0.529947916666667,640,0.121059386236781,-0.610815838978283,0.269040672115607,0.396983061409024
"Snx25",0.509556313993174,586,0.0786743141279125,0.00521102802827045,1,1
"Snx27",0.524481941977502,563,0.119228465355364,-0.305594765394062,0.434340282026492,0.576372473895179
"Snx29",0.506363636363636,990,0.0187061945297002,0.00513173406011447,1,1
"Snx3",0.411972437553833,774,-0.626025157343042,-11.8891194843445,1.0809769848967e-06,6.03118663559986e-06
"Snx30",0.589514066496164,391,0.662965012722429,-4.69984584491874,0.00217021933812608,0.00667882264901523
"Snx32",0.456018518518519,216,-0.216491819896764,-1.06642449538273,0.144172571682241,0.24234568022319
"Snx4",0.512728719172633,419,0.126580496565143,0.0397882104293785,1,1
"Snx6",0.449665610700458,947,-0.298702912700205,-5.63181596207983,0.0007904041113666,0.0026834559410686
"Snx7",0.509009009009009,111,0.19854567938208,0.143496733320561,1,1
"Snx9",0.53285776048422,771,0.220473943605748,-0.820801516331812,0.200105667502495,0.314766637046342
"Sobp",0.494207510131712,1504,-0.00909401055847914,-0.411170323102397,0.364496703565911,0.503084901158625
"Socs2",0.498086934304238,1491,0.0256714076021973,-0.0723450534701442,0.703662224398739,0.826785904545568
"Socs5",0.402183600713012,748,-0.613776198225892,-15.3574815559859,2.98851567127757e-08,1.95696753030391e-07
"Socs6",0.495782431646306,573,-0.0206397660590358,-0.15109110511662,0.582517594209224,0.720180160680109
"Socs7",0.48310502283105,365,-0.0795672573183186,-0.369004430196696,0.390299458607845,0.529979762527991
"Sod1",0.479267202859696,373,-0.0971411584105315,-0.506426650281071,0.314220245583865,0.447210832985348
"Sod2",0.560691318327974,622,0.354028938054386,-3.46485553042908,0.00847753836045267,0.0220718531712018
"Son",0.496714745012197,3414,-0.0185890264942742,-0.806959731252846,0.203941720507474,0.319229670719722
"Sorbs1",0.497436659317311,5314,-0.011921468657615,-6.67885383472276,0.000257362693586982,0.000984845153566606
"Sorbs2",0.468719826818831,4575,-0.176094835414146,-41.1215502370451,1.20336948536061e-19,1.69685209784462e-18
"Sorbs2os",0.444698472072454,3215,-0.328289072496016,-32.6535198267175,6.4091986996792e-16,7.65454478153857e-15
"Sorcs2",0.666666666666667,114,1.15754127698648,-5.68269632680396,0.000748252570494844,0.00255716458918605
"Sord",0.24599358974359,416,-1.58104745071777,-56.6147961707188,1.92181778589421e-26,3.58312249414499e-25
"Sorl1",0.194805194805195,154,-2.19114148735201,-31.8973187384634,1.3808895467767e-15,1.61191837182004e-14
"Sos1",0.518451143451143,962,0.0893670027056648,-0.265588535664165,0.466112414271331,0.609400233363004
"Sos2",0.526421667790515,1483,0.116701113336454,-0.824853501263988,0.198998814303138,0.313319268496989
"Sox6",0.542850876850877,2775,0.279754942724382,-5.40411800803668,0.00101049538950483,0.00335930909081548
"Sp3",0.587123278092441,681,0.554312287880971,-7.56863746760632,9.99698291574023e-05,0.000409394443748923
"Sp3os",0.507215007215007,231,0.0811367627254054,0.0276523028271072,1,1
"Sp4",0.544239226033421,379,0.219402378730637,-1.04458716780567,0.148346226135218,0.247686534780991
"Spag9",0.532359370335212,2732,0.214015824008114,-2.06737144857289,0.0420114487827267,0.0880639738381204
"Sparc",0.153121319199058,283,-2.48857796429681,-89.8034845469519,5.90521094295218e-41,1.68662875953596e-39
"Spart",0.49685534591195,212,0.0867116331933309,0.0973809279147702,1,1
"Spast",0.503287592910234,583,0,-0.0114885094205874,0.879516849502362,0.974144734960372
"Spata1",0.737179487179487,416,1.62838478101228,-44.3758305905556,4.47621389308462e-21,6.76674496630269e-20
"Spata17",0.705588822355289,167,1.38856528791765,-13.4957929497106,2.04343042684747e-07,1.22241577762925e-06
"Spata31f1e",0.918781725888325,197,3.57074864150146,-89.7134760555346,6.46459017837121e-41,1.8385732744588e-39
"Spata33",0.558398950131234,254,0.317190175880699,-1.34884705614209,0.100493495058733,0.180302683462769
"Spata6l",0.384259259259259,108,-0.646363045385299,-3.11257578814617,0.0125948126305947,0.0314495470150862
"Spata7",0.494274809160305,262,-0.0955776599822311,-0.0111333876696449,0.881379597582051,0.975242311073315
"Spats2",0.501020408163265,245,0,-0.0201674074923517,0.840827365175106,0.940448804375156
"Spats2l",0.5475,200,0.177396250873447,-0.604762152667519,0.271426352467707,0.399608176741226
"Spcs2",0.507710557532622,281,0.0931094043914813,0.050092662232089,1,1
"Spcs3",0.450743494423792,269,-0.241817919924098,-1.56028554654154,0.0773096842855806,0.145882091910266
"Specc1l",0.523130937629079,807,0.0960151355668928,-0.361412001275085,0.395219144571779,0.535252400800198
"Spen",0.469743276283619,818,-0.153839751924667,-2.10223367037634,0.0403176346619677,0.085172308095958
"Spg11",0.480815347721823,417,-0.0307622537706873,-0.381951088300298,0.382110098582402,0.521073340448005
"Spg7",0.5,314,-0.00846157874819653,-0.0240316757505639,0.826468118343992,0.927944799318313
"Spice1",0.482142857142857,168,-0.155278225477911,-0.166042828577474,0.564433550774054,0.703002039858128
"Spidr",0.458333333333333,144,-0.280107919192735,-0.650309935598244,0.254100028048639,0.380059844264433
"Spin1",0.452083333333333,240,-0.275634442613427,-1.39027574871346,0.0954153075442842,0.17262197957877
"Spindoc",0.526494967436353,563,0.160706471412934,-0.374726590988871,0.386649411825776,0.525792801312796
"Spire1",0.484076433121019,157,-0.0824621601919731,-0.153608358833225,0.579393161816175,0.717506808507411
"Spmip2",0.46,125,-0.266786540694901,-0.514650926927956,0.310322698528566,0.443261534906094
"Spon1",0.530092592592593,216,0.199308808223406,-0.229511462607178,0.498080964689321,0.639219777245644
"Spop",0.508991565823249,1515,0.0739328476922263,0.111309439819706,1,1
"Spopl",0.520833333333333,584,0.143965774379631,-0.179996206892611,0.548510448719346,0.687122458343458
"Sppl2a",0.488354700854701,780,-0.0898233018526242,-0.492857655881039,0.320791849378012,0.454347941132142
"Sppl3",0.491935994930291,1052,-0.0654890815882592,-0.43132923561825,0.352995805182671,0.489931316043442
"Spred1",0.50974025974026,462,0.0221957461141962,0.0251629591796245,1,1
"Spred2",0.523386437908497,816,0.201891969237409,-0.11255221620263,0.635177820471295,0.768718631626998
"Sprtn",0.527272727272727,220,0.21864028647534,-0.122428408388828,0.620720063213713,0.75544389198376
"Spry2",0.402777777777778,108,-0.584962500721156,-2.26549764803866,0.0332862533122025,0.0725145511949053
"Spryd7",0.34368978805395,346,-0.994686200103533,-18.1099421306332,1.76262888545466e-09,1.32187319320354e-08
"Spsb1",0.536231884057971,276,0.196397212803504,-0.474519847772939,0.329963855044102,0.464496097956379
"Spta1",0.548055056852184,557,0.304639205691507,-1.78647725491885,0.058727734481093,0.115867299775749
"Sptan1",0.596498620711031,2095,0.562344198059137,-24.2375252110646,3.34517794133503e-12,3.06314247506694e-11
"Sptb",0.514292114695341,1116,0.032240337000208,0.0248224466952252,1,1
"Sptbn1",0.487436854410714,4405,-0.0816128448800711,-6.60793997645305,0.000277587142636901,0.00105085442830168
"Sptlc1",0.479166666666667,272,-0.0801703486839838,-0.359259789527073,0.396629943780308,0.536830055986034
"Sptlc2",0.483954451345756,322,-0.0544477840223765,-0.281925561209562,0.452712715142346,0.595571882406002
"Sptssa",0.507758620689655,290,0.0715532610250342,-0.00250380349888246,0.943585227826744,1
"Sqstm1",0.480373486861529,1129,-0.0859732231098529,-1.31806657050288,0.104457510628472,0.186319110108506
"Sra1",0.590643274853801,228,0.53605290024021,-3.08705896953705,0.0129632523609402,0.0322256851283818
"Srbd1",0.497273589378853,703,-0.0755166368542342,-0.000513739745315434,0.974428731285936,1
"Srcap",0.446859903381642,276,-0.269389900873617,-1.7947362913103,0.0581466946518747,0.114923620289571
"Srebf2",0.456521739130435,138,-0.231325546106456,-0.674938229332895,0.245299715627671,0.370072306426821
"Srek1",0.522622296402784,2132,0.163561527775322,-0.173438795861784,0.555885993848305,0.69435314228218
"Srek1ip1",0.4463298791019,386,-0.304511041809953,-2.74836545776105,0.0190520584772686,0.0448763498671389
"Srfbp1",0.535047619047619,350,0.229481846122768,-0.510060110849622,0.312490493921958,0.445410107284813
"Srgap2",0.537928802588997,515,0.225953753781505,-1.05628575077344,0.146093641128363,0.24453379532508
"Sri",0.271081677704194,453,-1.36522160566111,-50.4853947860271,9.33499854507411e-24,1.57824962807399e-22
"Srl",0.479467900520532,1976,-0.121841122934798,-2.71400481326509,0.0198162522535094,0.0463922864058441
"Srp14",0.485,100,-0.104969559601543,-0.0858383457996439,0.678625957678273,0.805328399564457
"Srp19",0.435233160621762,193,-0.423211430724544,-1.88642182545107,0.0520910029844566,0.10499543904855
"Srp54a",0.22244094488189,381,-1.83102382795124,-63.0314741631921,2.97882948414213e-29,6.09570228584207e-28
"Srp68",0.484375,256,-0.0965732596950533,-0.243625872606373,0.485155805894204,0.626250075223088
"Srp72",0.502079406960673,758,-0.00635549503982347,-0.0321252596336308,0.799899739372052,0.906454001462977
"Srp9",0.502178649237473,153,-0.0331668639351994,0.0218317067296709,1,1
"Srpk2",0.708138073617642,1762,1.29939120612683,-115.437757591537,3.84068657806031e-52,1.53444573285362e-50
"Srpra",0.453836930455636,278,-0.236067358233525,-1.52780786414547,0.0804584936445748,0.15076421254673
"Srr",0.408579375267437,779,-0.525766708213256,-13.5740007196345,1.88459923761441e-07,1.13244673973751e-06
"Srrm1",0.504138627187079,1486,-0.0134066585511499,0.126834042290739,1,1
"Srrm2",0.505873715124816,227,0.0114956388378298,0.00819261891183487,1,1
"Srrm4",0.686153846153846,325,1.16992500144231,-20.7533301199337,1.17470037923483e-10,9.61535237246854e-10
"Srrt",0.557971014492754,207,0.316027493447678,-1.06218917137033,0.144971589637238,0.243201527029528
"Srsf10",0.512112403100775,516,0.0480942882010451,-0.0196000435604446,0.843052794799082,0.942152906875031
"Srsf11",0.4875,860,-0.100304905795686,-0.5532615347513,0.292839006786612,0.42479693398568
"Srsf2",0.468368718455124,1736,-0.170993268829804,-4.36114135913476,0.00314344215954261,0.00927826903027706
"Srsf3",0.571815286624204,942,0.403999227826396,-7.30941249410012,0.000131593441089693,0.000530483589545957
"Srsf4",0.463446475195822,383,-0.205941900555854,-1.38482764809623,0.0960668469450805,0.173566803955688
"Srsf5",0.52285447761194,536,0.0934109395667644,-0.238675530230466,0.489624633676921,0.631385310516713
"Srsf6",0.487738419618529,367,-0.0820357688660112,-0.246907391279308,0.482230534367973,0.62339608029789
"Srsf7",0.439716312056738,470,-0.323176641084621,-4.06815600582803,0.00433874411362802,0.0123711344480337
"Ss18",0.564823438106325,859,0.39503863397389,-4.81211144641497,0.0019202768461835,0.00598926495891434
"Ss18l2",0.59051724137931,290,0.491853096329675,-4.09591981460756,0.00420792323988151,0.012039036993216
"Ssb",0.621212121212121,176,0.623436648535792,-4.57058299956211,0.00249921782580707,0.0075766712045244
"Ssbp1",0.397510548523207,790,-0.582360705532876,-17.6511858256372,2.82288095456137e-09,2.07322299958749e-08
"Ssbp2",0.573168219815255,2507,0.645991934118716,-5.74468906485072,0.000699950522746491,0.00241421783590671
"Ssbp3",0.49124020285846,723,-0.0239031865264865,-0.285107324025148,0.450173633577368,0.592928851760458
"Ssh2",0.471708540758961,2975,-0.182990846444464,-7.16789645024301,0.000152929377032046,0.000606656015744146
"Sspn",0.516097190584662,439,0.0843921872903719,-0.0721680787230525,0.70400777938707,0.826968886112358
"Sspnos",0.531144781144781,198,0.208317236124725,-0.210369104185389,0.51656892232492,0.657502481569369
"Ssr1",0.386758691206544,652,-0.656045598782639,-17.6748690943468,2.75505599815896e-09,2.02985025901679e-08
"Ssr3",0.531111111111111,225,0.179821037584812,-0.268008945154662,0.464087743455064,0.607306148200278
"Ssu72",0.422071129707113,478,-0.508146903670325,-6.38438044867661,0.00035245623453242,0.00130579217681443
"St13",0.521643338517367,643,0.14363268845917,-0.21695866927621,0.510073003634599,0.651247860071415
"St3gal1",0.536,125,0.187085552600496,-0.213473178227332,0.513491141282261,0.654615867100957
"St3gal2",0.412162162162162,148,-0.394278939112047,-2.47751451210864,0.0260148881974065,0.0585946072419437
"St3gal3",0.459321061592756,2201,-0.251137265555708,-6.84470034976357,0.000215668280994944,0.000839168406978589
"St3gal4",0.555926916221034,374,0.23769155771933,-1.58640602416961,0.0748734299301356,0.142043657911552
"St3gal5",0.643859649122807,475,0.977515985848621,-16.5839775714003,8.45321883273979e-09,5.8734994622515e-08
"St3gal6",0.300640692640693,1100,-1.23367234620245,-83.9135044382524,2.20692162059458e-38,5.83183382576017e-37
"St6gal1",0.469005196733482,449,-0.225559700415131,-1.05145640708776,0.14701882946083,0.245811361954611
"St6galnac3",0.430459770114943,145,-0.502500340529184,-1.6261939760376,0.0713194833164582,0.136458486892836
"St7",0.505354287019811,1459,0.0509158387538444,0.0238786716840877,1,1
"St7l",0.415170991996119,1178,-0.438772148071205,-18.7773685938425,8.88832886024545e-10,6.83373004696076e-09
"Stab1",0.444513457556936,161,-0.144389909335175,-1.04870121047921,0.147549620571656,0.246540466337306
"Stag1",0.518454218106996,1296,0.0854693421893495,-0.317055670251875,0.425851245471778,0.568027336964741
"Stam",0.605879752431477,377,0.628031222613042,-7.22354690678549,0.000144152115518449,0.000574213055999899
"Stam2",0.416666666666667,222,-0.461904104316818,-3.43518647073702,0.00876363611082348,0.0227637482878666
"Stard13",0.650381847513683,2417,0.905011678424049,-87.379180181521,6.76043694927364e-40,1.85967429522642e-38
"Stard3",0.488372093023256,172,-0.0627357553479628,-0.110061077228522,0.638946858571369,0.771819572234265
"Stard3nl",0.423357664233577,137,-0.488747185461853,-1.84844650369972,0.0545138902406768,0.108995302739179
"Stard5",0.424460431654676,139,-0.409644240508625,-1.82111994171152,0.0563311011610079,0.111961608229993
"Stard7",0.492752659574468,1504,-0.0332944400984245,-0.552887632953116,0.293002159214248,0.424941765913144
"Stard9",0.169811320754717,212,-2.49353947295756,-70.0417859805748,2.55233998775531e-32,5.78760337763974e-31
"Stat1",0.572139303482587,134,0.543621705340256,-0.969801470307445,0.163711652673887,0.267877282483455
"Stat3",0.526758266511082,1739,0.116543905114289,-1.12903086729602,0.132920333330409,0.226321988156699
"Stat5b",0.477531580555671,1951,-0.100444887408573,-2.71047576346155,0.0198965139084258,0.0465152913108164
"Stat6",0.405615292712067,279,-0.522565963583289,-5.64074807060558,0.000782834418601267,0.00266179565230583
"Stau1",0.486707566462168,489,-0.151452341370834,-0.196571751600686,0.530651654028162,0.670759680195297
"Stau2",0.515107686228018,1205,0.109229069754758,-0.0181900353804849,0.848732742521094,0.947553920126677
"Stc2",0.273373983739837,164,-1.41142624572647,-17.570005705977,3.0683119840994e-09,2.24585714692205e-08
"Steap3",0.572222222222222,300,0.556811460407007,-2.0643860651852,0.0421599306032782,0.088292497413168
"Stim1",0.363344051446945,311,-0.71574910825651,-12.1761400974386,8.02317189906843e-07,4.54827109683677e-06
"Stim2",0.459247648902821,319,-0.195920209975257,-1.36791744923568,0.0981202100637108,0.17661111556654
"Stimate",0.430839002267574,441,-0.434666306027776,-4.73975827357555,0.00207778714873352,0.00643567482339612
"Stip1",0.512719298245614,380,0.0874628412503391,-0.00480948594452002,0.921871661029578,1
"Stk11",0.501736111111111,384,0,-0.019239781966462,0.844483302584191,0.943437404618024
"Stk17b",0.4832910321489,197,-0.159780444036769,-0.181007831032048,0.547388913975081,0.686101660242903
"Stk24",0.600563909774436,532,0.613645255425241,-8.99612645609852,2.21805815089346e-05,0.000101207384832066
"Stk25",0.469325153374233,326,-0.224966365000275,-0.824053528613945,0.199216766646255,0.313441851319659
"Stk3",0.494047619047619,196,0.0664954117869065,0.0588236850205135,1,1
"Stk35",0.412202380952381,336,-0.529779585451847,-5.60884980331946,0.000810208631264551,0.00274652542073115
"Stk38",0.511941056910569,656,0.0778021516036329,-0.031553481541323,0.801650985724795,0.90782544561917
"Stk38l",0.47881010594947,409,-0.082101080214894,-0.561502025704044,0.289272522336553,0.420623303709476
"Stk39",0.554814094578589,2413,0.401115123046474,-6.0330325623836,0.000513479644452803,0.00182546365125382
"Stk4",0.588353413654618,249,0.611434712082347,-3.1745800541145,0.0117436884062406,0.0295845676699328
"Stk40",0.513606770833333,512,0.0526414797412293,-0.0264488308818045,0.818095719638803,0.920656159974764
"Stmp1",0.488938053097345,226,0,-0.0817849277671314,0.685890879799609,0.811796788082345
"Stn1",0.571476964769648,492,0.416440216978934,-3.84534567875164,0.00555063607497556,0.015300151677715
"Ston2",0.65962441314554,213,0.982722008568164,-9.91572409592246,8.45796176900657e-06,4.09004606581932e-05
"Stox2",0.477123230602378,2206,-0.111277527090406,-3.61818518015252,0.00714412601410014,0.0190074178518818
"Strada",0.603365384615385,208,0.584962500721156,-3.88597939044871,0.00530634770742923,0.014729613652715
"Stradb",0.441990577149588,566,-0.319990290645869,-4.58990602632218,0.00244699150370767,0.00744947743098285
"Strap",0.379499217527387,213,-0.703018262242868,-6.7080103901269,0.000249484363842774,0.000957426558097597
"Strbp",0.541,600,0.212729323985728,-1.25242685981834,0.113496022951088,0.199368046597149
"Strip2",0.674577861163227,1066,1.08113676272541,-53.2519326551774,5.71808619971899e-25,1.00470666420193e-23
"Strit1",0.237723214285714,448,-1.55903403573063,-63.6478366562289,1.60059641403067e-29,3.30560096337657e-28
"Strn",0.648753224419604,1163,0.87352184602335,-42.6872139494403,2.46892989176221e-20,3.60249074641478e-19
"Strn3",0.568267827444591,2806,0.41081376639615,-16.3580883747222,1.06645963642423e-08,7.34915511260725e-08
"Strn4",0.5,154,0.0512253233551734,0.0121902580015529,1,1
"Stt3a",0.494927536231884,230,0,-0.043764541644947,0.767342235003394,0.880259969465524
"Stt3b",0.488297872340426,470,-0.0604646412638949,-0.30056882825977,0.438144287511999,0.580731527997736
"Stx12",0.526211671612265,337,0.207513244997677,-0.139640380731521,0.597173019018931,0.734107198471624
"Stx16",0.456896551724138,319,-0.29113494134176,-1.48770787689676,0.0845384035224615,0.156876351795068
"Stx17",0.51622533748702,642,0.0853455550377857,-0.102603707105118,0.650550001889478,0.781405084588793
"Stx18",0.428087080656674,467,-0.38097566320521,-5.71868313099321,0.000719817478602606,0.00247131197768833
"Stx5a",0.527070063694268,314,0.163190167413585,-0.253615190227549,0.476340267365845,0.617576950851758
"Stx6",0.577365356622999,458,0.433896526530159,-4.29872925733173,0.00336632454110438,0.00985810223381004
"Stx7",0.481894150417827,359,-0.128642151439105,-0.409869150444649,0.365256691603853,0.504030204367817
"Stxbp3",0.474962630792227,446,-0.15733653774809,-0.892891632968826,0.181440775265843,0.291695924211817
"Stxbp4",0.524034672970843,423,-0.0057363695491448,0.258365389010578,1,1
"Stxbp5",0.48984468339307,558,-0.0587093072984599,-0.28758017084624,0.448215589669231,0.590929687263775
"Stxbp6",0.364897579143389,358,-0.93057859904252,-13.7764484425771,1.52856257572713e-07,9.29321739880477e-07
"Styx",0.464374225526642,538,-0.168848764882973,-1.85148337649434,0.0543158102329826,0.108696397818658
"Styxl2",0.378286155591981,1133,-0.811262901984607,-29.3289837536906,1.87606865457171e-14,2.03756841577433e-13
"Sub1",0.498921251348436,309,0.0801703486839838,0.0980337535223725,1,1
"Sucla2",0.442671672849,1579,-0.339557988909153,-10.5883937545773,4.18806296954224e-06,2.12313282866824e-05
"Suclg1",0.51373182552504,619,0.0369415783881362,-0.00196013526021943,0.950075422826358,1
"Suclg2",0.500161301634056,1358,0.0135606798601002,-0.0960017804673043,0.661254276558877,0.790443224267709
"Suco",0.425516224188791,226,-0.445625819112267,-2.91858844209173,0.0156909832280546,0.0381586519661965
"Suds3",0.514197530864198,270,0,0.0788421330496192,1,1
"Sufu",0.385900570497147,409,-0.72196343082696,-11.5577990846727,1.52548158361461e-06,8.35157617391619e-06
"Sugp1",0.43312101910828,157,-0.325770161181756,-1.62429026725025,0.0714853400022321,0.136658958158639
"Sugp2",0.500944287063267,353,0.0439433475875965,0.0107889621382924,1,1
"Sugt1",0.504702194357367,319,-0.0164881227885694,0.0344078378542463,1,1
"Sulf1",0.426356589147287,129,-0.326500824677186,-1.5375173428429,0.0795028980282592,0.149265301137252
"Sulf2",0.620143149284254,326,0.781165398076741,-7.92478502164619,6.85821171789104e-05,0.000288603868655076
"Sumf1",0.432624113475177,282,-0.477773254626807,-2.86483679526415,0.0166805827801762,0.0402155429671489
"Sumf2",0.559917355371901,242,0.243669080966863,-1.23026530447069,0.116739340564961,0.203785293594802
"Sumo1",0.525470332850941,691,0.183671008811134,-0.365291134854942,0.392694517314143,0.532370349467284
"Sun1",0.454674220963173,353,-0.268488835925902,-1.8109033824951,0.0570269099627482,0.113038390694615
"Sun2",0.427278401997503,534,-0.373932295949171,-6.27925499456865,0.000394406096077817,0.0014450074873768
"Supt16",0.505701754385965,380,0.0473057147783571,0.00626876704211554,1,1
"Supt20",0.53036231884058,690,0.183671008811134,-0.709006797027996,0.233730632607573,0.355984886701291
"Supt3",0.563809523809524,805,0.316766389771583,-4.55551249149687,0.00254073465266971,0.0076886433673215
"Supt5",0.52280701754386,285,0.142019004872428,-0.137792092330471,0.599610214554138,0.736024828106688
"Supt6",0.495504840940526,482,0.0161799270554344,-0.0601666056576278,0.728673375663359,0.848370459228529
"Supv3l1",0.475177304964539,517,-0.098180393938903,-0.986598970665,0.160108827289684,0.263459291191065
"Susd6",0.628596948628814,1726,0.730518813386881,-44.6781950006898,3.29725450760762e-21,4.99574994470934e-20
"Suz12",0.524665135859166,871,0.102323490922533,-0.540784068422909,0.298347017804994,0.430553683832966
"Svil",0.345395237799281,3413,-0.886191602940682,-235.244889157035,2.5072029703067e-104,2.00337456389268e-102
"Swap70",0.455650929899857,233,-0.332196430341189,-1.10830352049297,0.136532823887527,0.231590815751425
"Swt1",0.492870297290187,1267,-0.0483443918386968,-0.354155221723431,0.40000527493548,0.540425806233282
"Sycp2",0.109489051094891,411,-3.27110383580968,-217.210372493602,1.77306467273954e-96,1.32231223149198e-94
"Sycp3",0.390723270440252,212,-0.669851398307669,-5.45413540407216,0.000957358498247658,0.00319532085541436
"Syde2",0.463292611983711,1146,-0.254695104921064,-3.40481879942581,0.00906671640347856,0.0234873795832297
"Syk",0.390275310834813,1126,-0.454627852209809,-27.2104058880354,1.61839767011449e-13,1.64337143143849e-12
"Sympk",0.606896551724138,145,0.600392541290763,-2.82632716540817,0.0174289711960968,0.0416755449477028
"Syn2",0.234265734265734,143,-1.70043971814109,-22.0820749980077,3.01961110694783e-11,2.60174964696198e-10
"Syn3",0.34469696969697,308,-0.84799690655495,-16.0802662773622,1.41945095801799e-08,9.62359073759266e-08
"Sync",0.76171875,384,1.6664439028598,-50.148588780831,1.31163566045909e-23,2.19543604813003e-22
"Syncrip",0.503626149131767,979,0.0620096622754249,0.108121327107938,1,1
"Syndig1",0.90625,32,3.87446911791614,-20.9082412011921,1.00254713635999e-10,8.23634807741522e-10
"Syne1",0.504261596880131,1856,0.0116112903702885,-0.0163240940187279,0.85661240300346,0.954129181705812
"Syngr1",0.36010101010101,330,-0.856805364172209,-13.7321015480008,1.60029277014862e-07,9.71172248936485e-07
"Synj1",0.427308641975309,675,-0.409692198458963,-8.52781926546606,3.63004293082528e-05,0.000160150191106266
"Synj2",0.369880209454128,1549,-0.782608259721918,-48.3865614516797,7.77443276080817e-23,1.24242839739392e-21
"Synj2bp",0.557109557109557,429,0.313964716576945,-2.03904607925091,0.0434426840408911,0.090414665203864
"Synpo",0.443072289156626,1494,-0.366304478627048,-8.83192124579273,2.6358989644132e-05,0.00011873928757813
"Synpo2",0.454261662518107,4033,-0.215192131689844,-38.2274098361149,2.25309151934699e-18,3.00054569005099e-17
"Synpo2l",0.466715976331361,338,-0.268488835925902,-0.865176101863426,0.188365924136164,0.300169973013614
"Synrg",0.493742550655542,839,-0.0608122418215546,-0.24058407847383,0.48789366547644,0.629516009741996
"Sypl1",0.528561099060014,461,0.229133999215502,-0.339770860514932,0.409744575494321,0.550460789807863
"Syt12",0.383276255707763,292,-0.666262602823005,-8.82038032542187,2.66808251541602e-05,0.00011994755420946
"Syt7",0.406766917293233,665,-0.567260498987697,-12.5562586654348,5.40806683719289e-07,3.10247389839647e-06
"Szrd1",0.590960451977401,295,0.43564777895413,-4.06716675602516,0.00434348103058126,0.0123793820285611
"Tab1",0.419328010645376,501,-0.511589314390937,-7.12365226487748,0.000160290213087991,0.000633982268854802
"Tab2",0.46153549382716,864,-0.218546941385153,-3.04665556707369,0.0135694560284686,0.0335957908015793
"Tacc1",0.288215390564579,1724,-1.27539161235378,-146.715675283255,8.89018849172305e-66,4.32398153307573e-64
"Tacc2",0.628011378503883,3865,0.834797933847103,-228.143698296748,3.08904996344507e-101,2.41089573891201e-99
"Tada2a",0.523595505617978,445,0.171952682789295,-0.195391099675192,0.531888530937265,0.671943500781276
"Tada3",0.504,250,0.0109711178210032,-0.000882500131780262,0.966489206713277,1
"Taf12",0.471083070452156,317,-0.243113711710534,-0.62102032200454,0.26507813411366,0.392413858881977
"Taf13",0.487528344671202,147,-0.017073513358941,-0.0833402212759893,0.683079013095093,0.809637718719288
"Taf15",0.537886597938144,970,0.213145530041435,-1.66506454477189,0.0680215355045021,0.131271002388217
"Taf1a",0.572597137014315,163,0.347923303420307,-1.38629920593891,0.0958903867610849,0.173294635417448
"Taf1b",0.359007832898172,383,-0.846955625354287,-16.3604107104822,1.06391434986533e-08,7.33915017091071e-08
"Taf1d",0.576114790286976,755,0.419642338939589,-6.85720090988912,0.000212816262422443,0.000829032358316561
"Taf2",0.486904761904762,630,-0.0469210473874924,-0.513058629932402,0.3110723595154,0.443954428464249
"Taf3",0.524451754385965,760,0.134228391717074,-0.454259231154538,0.340507820067559,0.476341910857327
"Taf4",0.467171717171717,297,-0.162474696957105,-0.920599713364879,0.174810432152343,0.283344028159026
"Taf4b",0.515201465201465,455,0.0435563659867393,-0.0210762966150924,0.837329176030608,0.937473466141358
"Taf5l",0.509499136442142,193,0.0410272682600556,-0.000580039092170637,0.972829368736646,1
"Tafa2",0.571197411003236,103,0.563900885193327,-0.721510673800353,0.229651045844957,0.351280268849441
"Taldo1",0.484848484848485,143,-0.128733314122202,-0.151540893231143,0.581956836751449,0.719789329143264
"Tanc1",0.593449244819108,949,0.580915667658454,-12.8967603610135,3.79961853327985e-07,2.21958569150342e-06
"Tanc2",0.371326860841424,515,-0.728595189180326,-17.8162596688145,2.38276472142143e-09,1.76915008962175e-08
"Tango2",0.524430981747176,2081,0.172960657566837,-0.372867468009645,0.387829944027551,0.527052963011323
"Tango6",0.527041245791246,792,0.191867554322989,-0.578690952303532,0.282009172835448,0.41175670395291
"Tank",0.598861882716049,864,0.593923368292778,-13.1456965952573,2.93594162095696e-07,1.73468663379077e-06
"Taok1",0.457119741100324,1030,-0.22484807306276,-4.82767455224598,0.00188801010269148,0.0059023399204775
"Tapt1",0.515375153751538,542,0.0735290354219647,-0.0930403606851087,0.666198816651178,0.794796739666318
"Tarbp1",0.516372795969773,397,0.0955776599822311,-0.0730910898050752,0.702210833529761,0.825291387611934
"Tardbp",0.468634686346863,271,-0.146841388329271,-0.737877516275034,0.22443986973887,0.34480210704676
"Tasor",0.515081782903565,1313,0.0502280333265439,-0.0923088005379213,0.667434615221658,0.795846711204081
"Tasor2",0.511730205278592,341,0.0860398310666914,-0.00925635942763847,0.891772700527686,0.984470125977274
"Tasp1",0.544240059457451,897,0.332916805370332,-1.41805486422504,0.0921671107420643,0.167785637998572
"Tatdn1",0.531501831501832,455,0.257797757467647,-0.313372208876842,0.428552003523623,0.570269834982268
"Tatdn3",0.550818260120586,387,0.303780748177103,-1.41745450360628,0.0922360257312678,0.167820060913058
"Tax1bp1",0.410797930283224,1224,-0.546184172964663,-19.8652730164024,2.91530051002733e-10,2.33502351113406e-09
"Tbc1d12",0.512588943623426,609,0.0301357179733186,0.0164178426167609,1,1
"Tbc1d15",0.45017131669114,681,-0.306401915143314,-4.15036805659872,0.00396290126230389,0.0114011972878627
"Tbc1d16",0.60088285960379,774,0.576053019131458,-12.8939481825319,3.81070696835351e-07,2.22412740622511e-06
"Tbc1d19",0.626016260162602,410,0.759736901824865,-11.2931374689125,2.00914815541767e-06,1.07969595029331e-05
"Tbc1d20",0.428198433420366,383,-0.460904508036173,-4.49284160011388,0.00272103036435431,0.00816430746783467
"Tbc1d22a",0.592452830188679,265,0.531446991394154,-3.82491957702902,0.00567773835059511,0.015594841097011
"Tbc1d22b",0.472317842799771,581,-0.173505526338563,-1.42974630121364,0.0908361474345034,0.166078882174078
"Tbc1d22bos",0.404411764705882,68,-0.523561956057013,-1.30080055908049,0.106755814536277,0.189762983889696
"Tbc1d23",0.516925527678216,837,0.126018526178713,-0.0552527293697267,0.739569410482373,0.857338494500465
"Tbc1d24",0.615145228215768,482,0.687830871574966,-10.7774386635976,3.43847114976407e-06,1.77667577807671e-05
"Tbc1d31",0.701149425287356,174,1.26710407014284,-12.5298150869067,5.55844541099556e-07,3.18330081899336e-06
"Tbc1d32",0.402919501133787,588,-0.574908836057234,-12.0156916969629,9.47782079394592e-07,5.33236656906664e-06
"Tbc1d4",0.599055568257056,2926,0.587255769429891,-49.9912880837428,1.53743670209115e-23,2.55427602585044e-22
"Tbc1d5",0.52081543034927,3620,0.162441425499837,-1.74810550628172,0.0615094057078654,0.120470128716426
"Tbc1d8",0.504672897196262,107,0,0.00378512503871775,1,1
"Tbc1d9b",0.679372427983539,648,1.12675714228594,-36.8582274136493,9.0183944984708e-18,1.17309038514992e-16
"Tbca",0.499223300970874,515,-0.075452228429465,0.140410462837792,1,1
"Tbcd",0.556056056056056,333,0.376442253966266,-1.47797170093031,0.085562358076946,0.158251459744409
"Tbce",0.536441144114411,606,0.271568792350863,-0.851269968970769,0.191956143352043,0.30502122021281
"Tbcel",0.538359788359788,252,0.179909090014934,-0.47010904302104,0.33222176182037,0.466673984235398
"Tbck",0.526021934197408,1003,0.149815534207286,-0.612226170543863,0.268488644798265,0.396407602975195
"Tbk1",0.472334682860999,494,-0.135026793457723,-1.07888096405895,0.141851168759568,0.239102221173838
"Tbl1xr1",0.496031746031746,441,0.022454850827696,-0.0421414749071687,0.77157506603737,0.883756287242803
"Tbp",0.451162790697674,215,-0.269760269022107,-1.24681923199557,0.114307192496106,0.200575900460621
"Tbrg4",0.433712121212121,264,-0.366538981587654,-2.72793225939427,0.0195027516899291,0.0457700941758056
"Tbx18",0.280952380952381,105,-1.4262647547021,-10.6387741523091,3.97358373869164e-06,2.02664848435398e-05
"Tbx20",0.521250867694016,1715,0.151565183275991,-0.105226322007184,0.646412857419049,0.778246295784154
"Tcaim",0.493569597681935,997,-0.117039421190219,0.418580329371707,1,1
"Tcap",0.456309952038369,556,-0.259867126755111,-2.49481254054149,0.0254997331328601,0.0576082829982352
"Tcea1",0.459328028293546,377,-0.218180170049534,-1.7398760874392,0.0621240428299683,0.121496671175626
"Tcea3",0.592206790123457,432,0.547873181985936,-6.19075221116054,0.000433607640110653,0.00156893502987747
"Tcerg1",0.511178861788618,656,0.056731885098555,-0.0279040480801314,0.813248481024883,0.916936637769026
"Tcf12",0.520028369534948,1824,0.142389051753933,-0.246244119987296,0.482819452229074,0.623928410350702
"Tcf20",0.47094310805651,873,-0.23489034671309,-1.36083544745838,0.0989943375242229,0.177856714082624
"Tcf25",0.436481063456233,1329,-0.370111628397328,-10.9013665432756,3.02169394517378e-06,1.57956462305346e-05
"Tcf3",0.506329113924051,158,0.0335525597110262,-3.44298304071344e-05,0.993379092554713,1
"Tcf4",0.574074074074074,1587,0.503719642175708,-8.62376883543402,3.28122516651069e-05,0.000145562348431062
"Tcf7l1",0.578767123287671,511,0.486213251305763,-4.94265020252328,0.00166604329497679,0.00526482231444643
"Tcf7l2",0.579778968253968,2000,0.477222722921576,-13.7015499249305,1.6516627035609e-07,1.00053791212101e-06
"Tcn2",0.664592760180995,442,1.03584519894672,-21.6822706675903,4.54347231605527e-11,3.85047805370745e-10
"Tcp1",0.479076479076479,231,-0.0785334025466904,-0.314847404058753,0.427467282369647,0.569503850588542
"Tcp11l1",0.593685300207039,161,0.529109265987639,-2.5153232043954,0.0249026023782996,0.0564144851114312
"Tcp11l2",0.440508797146584,1789,-0.382437812082084,-11.96913446383,9.94745833879472e-07,5.57788975522056e-06
"Tcta",0.514189189189189,370,0.108422459885985,-0.010530635237501,0.884612166900346,0.977851920987339
"Tdg",0.375534188034188,312,-0.709220603683302,-10.6695542702437,3.84800682935717e-06,1.96858398160407e-05
"Tdp1",0.4760348583878,306,-0.082936340982072,-0.514277079600788,0.310498496145697,0.443323953654524
"Tdp2",0.448054818744474,377,-0.345292087952873,-2.28437637494818,0.032560263196459,0.0710944979097699
"Tdrd3",0.463013698630137,1314,-0.248487095210594,-4.14468386392787,0.00398778710837288,0.0114629666258667
"Tead1",0.427362716505174,3337,-0.540290913328212,-52.325280357501,1.45691283126411e-24,2.5399477723233e-23
"Tead3",0.46551724137931,232,-0.258734268400168,-0.707848950239139,0.234112807469493,0.35631863123248
"Tec",0.594775849602314,922,0.570607207744086,-12.9245846372976,3.69163542067715e-07,2.15838475118336e-06
"Tecpr1",0.504371584699454,305,-0.00836347293462669,0.0072290842852567,1,1
"Tecpr2",0.47707100591716,338,-0.153623189113212,-0.521037245094078,0.307339490749049,0.440030431294287
"Tecrl",0.397098109132885,3121,-0.601965585461329,-91.4497428520363,1.12816401420033e-41,3.29227689709243e-40
"Teddm2",0.644329896907217,97,0.927850214244165,-3.67830747444987,0.00668164670702152,0.0178745367467232
"Tef",0.511718570663402,1867,0.0141145294728999,0.246837311565741,1,1
"Tek",0.493288590604027,149,-0.0177020017334586,-0.0467886009515439,0.75967780914523,0.873557898746409
"Telo2",0.431472081218274,197,-0.390789953032167,-2.1932987581244,0.0362225321182066,0.0777255868214204
"Tenm3",0.569642857142857,224,0.333243408115196,-1.67093631379765,0.0675377044586835,0.130449804986096
"Tent2",0.509663865546218,833,0.0322895379565056,0.00749510496075345,1,1
"Tent4a",0.482062780269058,223,-0.0353330731122803,-0.199690503974779,0.527409103345148,0.667289331131504
"Tent4b",0.540013774104683,726,0.260134515327999,-1.40333899879727,0.0938725815533515,0.170359579013142
"Tent5a",0.329976827283662,673,-1.19506043936525,-27.114419621922,1.78448520135845e-13,1.80655575739335e-12
"Tep1",0.514705882352941,204,0.0914230277635948,-0.0257862738050108,0.820349172416582,0.922463334773011
"Terf1",0.491386735572782,387,-0.131844656016061,0.035561155155392,1,1
"Terf2",0.504439890710383,488,-0.0155968550510188,0.0393223545009391,1,1
"Tesc",0.262166962699822,563,-1.47519893449561,-66.3397123007674,1.06256015286154e-30,2.30061411161504e-29
"Tesk2",0.351581508515815,548,-0.767476898382855,-24.8305196801866,1.82738961729358e-12,1.70827842775411e-11
"Tet1",0.241721854304636,151,-1.66879409152463,-21.6722410171997,4.59028871646111e-11,3.88035489482204e-10
"Tet2",0.567505301715828,1482,0.391665749934334,-8.28892007531704,4.66934369127596e-05,0.000202458881497702
"Tet3",0.570948616600791,506,0.443950191194083,-3.85926779209149,0.00546567131478399,0.0151093846230767
"Tex10",0.454561781609195,464,-0.233888060174277,-2.2870596149366,0.0324584278017213,0.0709337011710024
"Tex2",0.602100089365505,373,0.565597175854225,-6.39999516289066,0.00034662114354496,0.00128792466765729
"Tfb1m",0.495892018779343,284,0.0188590272513158,-0.0289443060460144,0.809864744110899,0.914485684235885
"Tfb2m",0.494485294117647,272,0,-0.0599310628107332,0.729184073528523,0.848634912924883
"Tfdp1",0.460683760683761,390,-0.279223643933125,-1.44348507532061,0.0892987168634214,0.163760954997649
"Tfdp2",0.53953789164481,2385,0.209344950736606,-3.99373723103554,0.00471020738599425,0.0132390753663289
"Tfeb",0.513462574044157,619,0.0725530266335608,-0.0468595182469471,0.759501364981148,0.873504654172972
"Tfg",0.547707558859975,269,0.288505093349912,-0.814642832489653,0.201801879590034,0.316830732537977
"Tfpi",0.426772697150431,503,-0.450797262396444,-5.70931817276664,0.000727110436626121,0.00249379931049286
"Tfrc",0.458293822579537,693,-0.368806787303303,-1.3869800598959,0.0958088624191773,0.173193936051042
"Tgds",0.300751879699248,266,-1.16089118957725,-22.5602998589289,1.85266293187872e-11,1.62337775440861e-10
"Tgfb2",0.627981733713441,287,0.488660362422024,-7.28514080447439,0.000135027359385118,0.000543347503712779
"Tgfbr1",0.469154228855721,402,-0.306103127725679,-0.400033746996428,0.371073190695885,0.510273152212821
"Tgfbr2",0.398401826484018,292,-0.672195338775968,-6.36512721384935,0.000359787594328552,0.00133052029373732
"Tgfbr3",0.591100420381242,1752,0.540986929928373,-18.7481597934534,9.15856393289933e-10,7.03344177547143e-09
"Tgm2",0.417733967188665,1192,-0.629500896797655,-11.528845163878,1.57212415729428e-06,8.5929131463837e-06
"Tgs1",0.499084249084249,364,0.054192100363597,0.0436851859253125,1,1
"Thada",0.495838128116609,869,-0.023846741954368,-0.188911578002944,0.538770554967974,0.678339516965868
"Thap12",0.49438202247191,178,-0.0458036896131242,-0.0485761022293332,0.75527424065738,0.86983539864316
"Thap2",0.48682505399568,926,-0.128485927824021,-0.398455623802192,0.372018463146583,0.511084435810628
"Thap3",0.38905325443787,676,-0.692778403927663,-17.1895565109492,4.53564753059849e-09,3.24901453846074e-08
"Thap4",0.521097046413502,237,0.134301091711591,-0.098643755208883,0.656919255771407,0.786662273815823
"Them4",0.455684007707129,173,-0.241008099503794,-0.832480770073659,0.196934755969076,0.310942384515628
"Them7",0.124458874458874,77,-2.9499593175004,-33.3069602400064,3.30245736338597e-16,4.00109996805896e-15
"Thoc1",0.495655080213904,748,-0.00314655531686414,-0.131547323119207,0.608002018359593,0.743877059283556
"Thoc2l",0.480935875216638,577,-0.0612144264879335,-0.688940681028271,0.240462358308554,0.364248104032275
"Thoc5",0.536496350364963,137,0.169925001442313,-0.234682797537275,0.493279169314633,0.634756477078185
"Thoc7",0.555722891566265,332,0.345328527467439,-1.56711979831539,0.0766641294306729,0.144949193447515
"Thra",0.582035306334372,321,0.48951571523812,-3.35317357348566,0.00960703226200059,0.0247059005910145
"Thrap3",0.495774371069182,848,-0.0117055006522788,-0.147839939243113,0.586603511024327,0.724164569798654
"Thrb",0.487885855009306,2098,-0.0400229349101222,-1.1753449790076,0.125227570859694,0.215655144600962
"Thsd4",0.829225352112676,142,2.44930740136359,-42.6123718584422,2.6630839950655e-20,3.87735786873744e-19
"Thsd7a",0.103544645439759,1678,-3.56998110918274,-653.058229108055,5.29702439652712e-286,1.54580990215174e-283
"Thumpd2",0.503589743589744,325,0.0711610289212397,0.0390554833170995,1,1
"Thumpd3",0.419672131147541,305,-0.492280498211304,-4.35452897495765,0.00316632790060852,0.00933760670864868
"Tia1",0.522069209039548,944,0.151749075477867,-0.218985444518694,0.508103450188801,0.649637778662685
"Tial1",0.544623655913979,310,0.287802310982737,-0.837404242483672,0.195615713437243,0.309298626287579
"Tiam1",0.34228650137741,363,-0.916413369727024,-19.5013941024297,4.23200689948564e-10,3.34179180109972e-09
"Tiam2",0.676638176638177,468,1.07515735956874,-25.5603292433486,8.68593471372504e-13,8.30484242144195e-12
"Ticam1",0.651333333333333,250,1.02333250383062,-9.96575135612605,8.02667600696402e-06,3.90116215486912e-05
"Tigar",0.430278884462151,251,-0.437208880277464,-2.87149463231674,0.0165545949147956,0.0399836059978798
"Tigd2",0.330718954248366,255,-1.07194984187902,-15.6465732314079,2.21861471427966e-08,1.47585153243261e-07
"Timm17a",0.5,534,0.0389941316158637,0.00660565010537084,1,1
"Timm21",0.45393811533052,474,-0.269058193461563,-2.56921793642982,0.0234017231417698,0.0534987621687871
"Timm23",0.513410364145658,952,0.0422282353892971,-0.02742283558905,0.814836292847873,0.918418337127611
"Timm9",0.498879380603097,818,0.0141580629966596,-0.0979082528963318,0.658119046508698,0.787677432269326
"Timp3",0.14932211313698,713,-2.59644506876845,-302.402671262622,1.50870969460439e-133,1.66007532298109e-131
"Tiparp",0.533771871209682,603,0.362226048134505,0.824831505037423,1,1
"Tipin",0.431818181818182,198,-0.385290155884792,-2.12225339748193,0.0393775057340115,0.0835076835660934
"Tiprl",0.554909560723514,258,0.362570079384708,-1.03027935378691,0.151154740065291,0.251375276342476
"Tjap1",0.531067251461988,684,0.105299945258261,-0.605650750192581,0.271074516177024,0.399177742996969
"Tjp1",0.499057971014493,1150,0,-0.127476516908018,0.613608886388122,0.74882597189765
"Tjp2",0.504098360655738,610,0.0353330731122807,-0.00141117452494655,0.957631686864101,1
"Tkt",0.692383361439011,593,1.16615718775491,-38.9149752145572,1.12304318102945e-18,1.51667320544661e-17
"Tlcd3b",0.453216374269006,171,-0.280107919192735,-0.959423459611799,0.165983830997605,0.270868824132246
"Tle4",0.479847494553377,918,-0.127451488146373,-1.27260027427246,0.110629862923465,0.195561664456755
"Tlk1",0.467413522012579,1272,-0.18463749934103,-3.2338004445935,0.0109858738540457,0.0278723974503546
"Tlk2",0.464924114671164,1186,-0.153983457573291,-3.76165967493557,0.00609053494107378,0.0164837381147126
"Tln1",0.451271186440678,236,-0.252542032016152,-1.39254781933528,0.0951450133059771,0.172225816965943
"Tln2",0.353822629969419,545,-0.889612604176683,-24.5425337214339,2.45098997494385e-12,2.26598412008583e-11
"Tlr4",0.382508995394008,2477,-0.638281319306799,-74.9643399119923,1.79700236617935e-34,4.37010140644775e-33
"Tm2d1",0.575341901466469,578,0.391856276845191,-5.03666898384631,0.00150430256018442,0.00481032814862212
"Tm6sf1",0.314814814814815,72,-0.974004791467055,-5.26606544799705,0.00117316866793181,0.00383337167160589
"Tm9sf2",0.461815008726004,955,-0.281893433085109,-3.12996431884903,0.0123499178314152,0.030895508193984
"Tm9sf3",0.482384823848238,492,-0.0998985700541208,-0.536158662178195,0.300422603191137,0.43309650083584
"Tma16",0.415151515151515,110,-0.44930740136359,-1.84255738789024,0.0549001929011884,0.109614777647383
"Tmbim1",0.584782608695652,230,0.514573172829759,-2.73406936313305,0.0193662399409688,0.0454815264114004
"Tmbim4",0.525447427293065,298,0.198166305656559,-0.105853145168282,0.645433305789519,0.777624905485416
"Tmbim6",0.465629053177691,257,-0.222392421336448,-0.747835288792373,0.22133871782708,0.341523097483991
"Tmc7",0.42619926199262,271,-0.36923380966572,-3.47497980353336,0.00838211257575739,0.0218629335796484
"Tmcc1",0.486288651477246,2227,-0.0798954348285521,-1.51767788568395,0.0814686884863995,0.152105100728988
"Tmcc3",0.685916179337232,342,1.1479578813871,-20.9583206005329,9.52485531460284e-11,7.83466040093312e-10
"Tmco1",0.491758241758242,182,-0.104697378666692,-0.0385293840293173,0.781323569416841,0.89066640589773
"Tmco3",0.393506493506494,385,-0.587676885418192,-9.60902599285924,1.16605500015473e-05,5.53113862970922e-05
"Tmco4",0.496819338422392,262,0,-0.0466257798245522,0.760083466588319,0.87387465360411
"Tmed1",0.372641509433962,212,-0.726623649944747,-7.51854958264454,0.000105418362202386,0.000430918420890632
"Tmed10",0.471334348046677,657,-0.170781963178759,-1.57173222961671,0.07623172290373,0.144294225642932
"Tmed2",0.466387457044674,776,-0.16063339858849,-2.33564406126811,0.0306709151177703,0.0673636067638987
"Tmed5",0.515602770788681,1022,0.0376875331059043,-0.00688379351140611,0.906594304253638,0.998533142459865
"Tmed7",0.554545454545455,275,0.266514974568755,-1.2057170931102,0.120451967890579,0.208952667636658
"Tmed9",0.545717592592593,288,0.337869638756384,-0.702767388954442,0.235799062127266,0.358478664778757
"Tmeff1",0.587341772151899,158,0.706953025099767,-1.56390252940518,0.0769673033553348,0.145317732804784
"Tmem100",0.628917378917379,351,0.81687769617611,-9.98117909040462,7.89818047272135e-06,3.84149183571781e-05
"Tmem106b",0.53187863674148,1203,0.163221317602496,-1.27799740646878,0.10987663212156,0.194537577103643
"Tmem108",0.663252032520325,205,1.00790519808535,-10.1552963635184,6.58350946116105e-06,3.22779514268174e-05
"Tmem11",0.507955449482896,419,0,0.0539477487679392,1,1
"Tmem116",0.341875208541875,999,-0.790145632025381,-48.958731886662,4.36189783835982e-23,7.05471284122195e-22
"Tmem120b",0.539130434782609,253,0.132637768578119,-0.413299607175389,0.36325774857588,0.501787612356721
"Tmem123",0.504065040650406,164,0.0489096004809468,0.00650707128838235,1,1
"Tmem126b",0.436755952380952,224,-0.394859617341213,-2.21495469459896,0.0353143826681493,0.0761909792570293
"Tmem127",0.56875,160,0.439532061199592,-1.19191224411188,0.12259708116079,0.211807363899929
"Tmem131",0.498072251390957,1823,-0.0551002550791821,0.0906798343844457,1,1
"Tmem131l",0.580331705331705,1170,0.501735593603835,-10.4118878474844,5.03539699651418e-06,2.51844893000024e-05
"Tmem135",0.534080092556073,1811,0.229448747297624,-1.38076094062535,0.0965563438038801,0.174216714949366
"Tmem140",0.528645833333333,192,0.244236810379668,-0.103489369127487,0.649145814739062,0.780276989349675
"Tmem143",0.415129151291513,271,-0.547487795302493,-4.39168861552994,0.00303987869968561,0.00899632532287909
"Tmem144",0.926422764227642,984,3.93525910876166,-691.67458565277,8.72378500057051e-303,2.66154749653769e-300
"Tmem150a",0.547530864197531,405,0.233409236724516,-1.30803642628911,0.105785957957256,0.188188536922635
"Tmem150c",0.61641541038526,199,0.881818573651686,-4.20769921519064,0.00372056251241234,0.0107918822745513
"Tmem161a",0.455924170616114,422,-0.2720795454368,-2.0066040423024,0.0451451726119488,0.0934663383001183
"Tmem163",0.401960784313726,51,0.642447995381916,3.935536009112,1,1
"Tmem165",0.415368639667705,321,-0.526859546157588,-4.99794803124911,0.0015688946954015,0.00499308733785437
"Tmem167",0.443333333333333,150,-0.302028537449657,-1.1691593027801,0.126225732223345,0.217237721713613
"Tmem168",0.451843491346877,443,-0.290677160902923,-2.44704803692764,0.02694867766069,0.0603938312048586
"Tmem170",0.458823529411765,170,-0.203091865377512,-0.749737308853753,0.220752218260999,0.340931635749615
"Tmem170b",0.469491525423729,295,-0.081941613536177,-0.640019652814573,0.257891727204424,0.384457827885599
"Tmem175",0.5256038647343,345,0.216623940876835,-0.156273355027793,0.576121610822014,0.714774168546647
"Tmem178b",0.366463166463166,273,-0.890279632763603,-8.91620992903609,2.41237733045439e-05,0.000109330699811005
"Tmem181a",0.517412935323383,201,0.0787119760140405,-0.043335525238291,0.768452668556148,0.881082048402608
"Tmem182",0.453184504267892,1523,-0.247547426753585,-7.8191928855731,7.66820766642167e-05,0.000320679189140325
"Tmem183a",0.513513513513513,148,0.0907654639231827,-0.0131401130801265,0.871217837223374,0.96702730667162
"Tmem184c",0.519685039370079,127,0.0597062461242679,-0.0222675345598873,0.832861258316141,0.933093768288756
"Tmem186",0.515202702702703,296,0.134092895587283,8.13726562682859e-05,1,1
"Tmem192",0.458677685950413,121,-0.192645077942395,-0.52301989762708,0.306420923807488,0.438996209305413
"Tmem196",0.646666666666667,75,0.807354922057605,-2.94792328275667,0.0151766326569211,0.0370016557912294
"Tmem201",0.481970096745822,379,-0.171543279840695,-0.270788602202629,0.461779815883019,0.604773877894014
"Tmem209",0.513888888888889,162,0.11164535582891,0.00798888427553379,1,1
"Tmem214",0.4,210,-0.62229865199413,-4.75827637260105,0.00203626734524183,0.00632165884424754
"Tmem218",0.453333333333333,200,-0.104023064543228,-0.808360752304907,0.203549533586278,0.318830887508089
"Tmem219",0.411184210526316,152,-0.476438043942987,-2.70724147592088,0.0199703669608096,0.0466716932593851
"Tmem230",0.50609756097561,164,0.125530882083859,0.0820011588573095,1,1
"Tmem234",0.62078431372549,425,0.715494063863382,-10.918252777165,2.96897280324146e-06,1.55685511369974e-05
"Tmem241",0.425201612903226,496,-0.407920094409692,-6.21743244272739,0.000421392803064109,0.00153159651072163
"Tmem243",0.878676470588235,272,2.84688328624424,-92.2593020070344,4.99909766314134e-42,1.46523770807881e-40
"Tmem245",0.428327303617743,2872,-0.652377477366958,-26.1031488932681,4.99656333747885e-13,4.8604250900229e-12
"Tmem248",0.510373443983402,241,0.0881309102786645,0.00507208301701212,1,1
"Tmem259",0.45361484325016,521,-0.251099857640316,-2.76058558918169,0.0187876764603403,0.0443867949319973
"Tmem30a",0.553003533568905,283,0.256098358623417,-1.16682764594066,0.126604276430905,0.217665958863789
"Tmem33",0.5171875,320,0.0740005814437765,-0.075209767065985,0.698134758474214,0.821795948593287
"Tmem38a",0.534632034632035,616,0.139789283468994,-0.850904973713227,0.192051445480871,0.305028230493992
"Tmem38b",0.683333333333333,365,1.11064406368399,-22.143181172193,2.83685649555819e-11,2.45373463894157e-10
"Tmem41b",0.487371512481645,454,-0.0160598508960987,-0.24810319882755,0.481171757680703,0.622158512339218
"Tmem50a",0.574766355140187,214,0.429251358498544,-1.94941338917428,0.0483198397975294,0.0987584545435497
"Tmem50b",0.389671361502347,213,-0.644519345401611,-5.73900093728523,0.000704248041294289,0.00242654663920291
"Tmem53",0.326534170153417,478,-1.0648082956281,-29.5154813131825,1.55210349874796e-14,1.69946471184279e-13
"Tmem59",0.537093495934959,328,0.165284614550403,-0.548028887680346,0.295132888493831,0.426885473764511
"Tmem65",0.447830888486237,2791,-0.475061418324625,-11.4042558163524,1.78971315032658e-06,9.67194417471175e-06
"Tmem68",0.417995444191344,439,-0.526663860156489,-6.59857195023369,0.000280376077193568,0.00106081410942685
"Tmem70",0.448430493273543,223,-0.285754482333878,-1.48388891070434,0.0849384564222287,0.157432649236568
"Tmem71",0.728448275862069,116,1.57031572475675,-11.6552195048921,1.37849801497608e-06,7.57778761385706e-06
"Tmem80",0.522988505747126,290,0.149226008774476,-0.132656639845948,0.606493134039579,0.742436971671284
"Tmem87a",0.510609806345282,809,0.0580639749209979,-0.0283468236392537,0.811800216659956,0.915611334938939
"Tmem87b",0.483992467043315,354,-0.100603940938406,-0.379432850777903,0.383683731692856,0.522900549669533
"Tmem94",0.523255813953488,301,0.169925001442313,-0.138847211357188,0.598216370879058,0.734941049678779
"Tmf1",0.486440677966102,295,-0.130060540564372,-0.180738022199392,0.547687618889989,0.686347889841226
"Tmod1",0.543403385872738,1713,0.226770861847022,-3.87111131438769,0.00539443632358502,0.0149432342566664
"Tmod3",0.511547344110854,433,0.0767257906428283,-0.0182079510103108,0.848659167608651,0.947553920126677
"Tmpo",0.418098510882016,291,-0.470078862836806,-4.43268927423793,0.00290629975123973,0.00866211542198982
"Tmprss13",0.167832167832168,143,-2.33298328339636,-39.690403050743,5.1221313921504e-19,7.03062288427678e-18
"Tmt1a",0.587820512820513,260,0.509674373416919,-3.37707864412121,0.00935295089259898,0.024126443655313
"Tmtc1",0.436861676399363,2282,-0.32467347162618,-18.7176435860952,9.44968594672493e-10,7.24871909421917e-09
"Tmtc3",0.600490196078431,272,0.534061602421119,-4.49999563564512,0.00269980895806428,0.00811151196353064
"Tmx1",0.842401960784314,340,2.4594316186373,-99.5201768046245,3.38260025984386e-45,1.09153908384961e-43
"Tmx3",0.547197640117994,226,0.204819791888498,-0.657956360817764,0.251326908810646,0.377130832089661
"Tmx4",0.339424141749723,301,-1.01238372445583,-16.6420102352751,7.96343233172157e-09,5.53891790782541e-08
"Tnfaip2",0.552123552123552,259,0.308549065086162,-1.07838003653436,0.141943706810578,0.23919813208953
"Tnfaip8",0.717131673890568,2100,1.50658038207623,-155.644824367803,1.14362923036284e-69,5.90464568784259e-68
"Tnfrsf23",0.402892561983471,121,-0.678071905112637,-2.28569107727091,0.0325103254778446,0.0710085599112571
"Tnfsf13b",0.178217821782178,303,-2.15714639672101,-68.4381170641619,1.28340140734709e-31,2.86185722462249e-30
"Tnik",0.466087913986386,2748,-0.18167203073341,-7.98598514213109,6.42873068251412e-05,0.000272581429823341
"Tnip1",0.555851063829787,188,0.312384322216491,-0.906933408469996,0.17804506414499,0.287753062976445
"Tnip3",0.399051490514905,246,-0.667923949736554,-5.53349640510248,0.000878780898931423,0.00295361912550211
"Tnks",0.460406905755743,1677,-0.251538766995965,-5.54589891043997,0.000867103807393159,0.0029187566475541
"Tnks2",0.509673715923716,1628,0.0932721541283441,0.207147320504191,1,1
"Tnnc1",0.681579284051073,1861,1.10791533916689,-90.0714579416181,4.5104102867577e-41,1.2937552925093e-39
"Tnni3",0.512000173862419,2548,0.014442769559637,0.237348467117954,1,1
"Tnni3k",0.488074920294504,4177,-0.0669231635571906,-7.62122533038928,9.45539478079277e-05,0.00039007135690646
"Tnnt2",0.596284044983697,4171,0.569456705827158,-165.584615598919,5.34722657757972e-74,2.84845911021548e-72
"Tnpo1",0.538509060955519,1214,0.25287107638772,-1.87995203318064,0.0524955903466043,0.105715692291152
"Tnpo2",0.505529225908373,211,-0.0129390557074984,0.0360354728184404,1,1
"Tnpo3",0.517475035663338,701,0.0985638344835897,-0.160558325031275,0.570937350724773,0.709259947818745
"Tnrc18",0.485772357723577,615,-0.0639526327892157,-0.553579717373395,0.292700258913326,0.424687448730273
"Tnrc6a",0.490676482292081,1795,-0.0401830390374904,-1.02378879378784,0.152448583188907,0.252900368354905
"Tnrc6b",0.505594372491101,2934,0.0174075865434581,-0.0660055316861872,0.716355944920536,0.836933177076874
"Tnrc6c",0.522708211745888,2203,0.136664991299192,-0.639921769555258,0.257928128571045,0.384457827885599
"Tns1",0.567843614718615,1584,0.380272081118167,-9.50564815285816,1.29946872276967e-05,6.12502392361659e-05
"Tns2",0.552262587635437,523,0.335603031784439,-2.01276032784079,0.0448167845215194,0.0929574343969215
"Tns3",0.347738386308068,1227,-0.953205788521059,-55.4150585253524,6.44648779609581e-26,1.16942773209176e-24
"Tob1",0.40611658456486,812,-0.516543619356268,-14.5039845351616,7.20811636001805e-08,4.55563813638806e-07
"Tob2",0.466147498710676,1385,-0.15849581919471,-4.23656037002593,0.00360432546098742,0.0104909941431689
"Togaram1",0.584354932866316,571,0.568660688392056,-6.41319463611148,0.000341764648825318,0.00127298797054136
"Togaram2",0.363898500576701,289,-0.831602468304281,-11.4433471339053,1.7183726194263e-06,9.33904212274442e-06
"Tom1",0.530121527777778,960,0.208338885047541,-0.526237735782615,0.304937651649651,0.437244502856753
"Tom1l1",0.469219219219219,222,-0.140862535839849,-0.610787345722684,0.269051839444227,0.396983061409024
"Tom1l2",0.503802837891026,2506,0.00542707238432794,-0.0180965049194128,0.849117459366335,0.947825775364517
"Tomm20",0.520186335403727,322,0.08698330159464,-0.0830524373310482,0.683596987163275,0.809795795594758
"Tomm40",0.468529166052386,969,-0.175727287508846,-2.83495962619122,0.0172582504730145,0.0413785745866167
"Tomm70a",0.544214162348877,965,0.22709352476468,-2.46292680367787,0.0264577283028214,0.0594324874058022
"Top1",0.389752165851532,2365,-0.693382450788788,-44.3031803219869,4.81737696099957e-21,7.26612003645598e-20
"Top2b",0.495469114219114,1144,0.0255350921071376,-0.110803509127663,0.637818169760018,0.770802224600151
"Tor1aip1",0.484870368833181,1721,-0.124349797252532,-1.15665893109735,0.128269995924765,0.220078786463963
"Tox",0.442317158931083,474,-0.264570004745019,-3.6812766558802,0.00665961556635679,0.0178227032222435
"Tox3",0.517725988700565,236,0.147430363655226,0.0429623181090619,1,1
"Tox4",0.563745019920319,251,0.39940684756508,-1.60212231085282,0.0734474174549833,0.139931611114916
"Tpcn1",0.517730496453901,141,0.133855746734791,-0.0265194391667762,0.817857330746239,0.920656159974764
"Tpd52",0.717271727172717,303,1.29021923516002,-27.9553660244999,7.58374434192489e-14,7.84315747657933e-13
"Tpd52l1",0.578260869565217,115,0.365284464081744,-1.13396822164491,0.132075659089681,0.225271520621971
"Tpd52l2",0.554820936639118,605,0.282609944170555,-2.74626308833513,0.0190979293087799,0.044961522806219
"Tpgs2",0.581460674157303,178,0.541709302767273,-1.92281448332872,0.0498758117282687,0.101281231842777
"Tpk1",0.524720982142857,896,0.159680314594609,-0.446459005085899,0.34468777799651,0.480668893292695
"Tpm1",0.562247024821508,3172,0.45324301898512,-26.2144846941787,4.46094656370881e-13,4.37107639935964e-12
"Tpm3",0.50116144018583,287,0.0093378645793365,-0.0123614324229493,0.875059596174133,0.970328764169962
"Tpp2",0.519114307342922,1321,0.132569119483824,0.0661819193333031,1,1
"Tpr",0.485909627008698,1292,-0.0795257128194202,-1.05045727419247,0.147211063889707,0.246036021122438
"Tra2a",0.541066182288549,2307,0.238650247206835,-3.40091300538188,0.00910646908926078,0.0235569946835738
"Tra2b",0.461254364759602,1241,-0.206196074386424,-4.84272712059442,0.00185732465597741,0.00581996409473407
"Trabd2b",0.59843232984561,2756,0.60305467639407,-43.0982949283989,1.62908344482856e-20,2.39789650914239e-19
"Traf2",0.377229080932785,243,-0.736965594166207,-8.0341632062713,6.10974377181281e-05,0.000259877060813736
"Traf3",0.394509803921569,425,-0.51180938838128,-9.80507932691972,9.4962938517044e-06,4.57567295998851e-05
"Traf3ip2",0.362037037037037,180,-0.852442811586142,-7.58769515662507,9.79719696417917e-05,0.000402440550939844
"Trafd1",0.827044025157233,424,2.26986643931622,-104.107560820645,3.36731241909352e-47,1.15904620292081e-45
"Trak1",0.547287312645134,1579,0.29637220552724,-3.61453176236228,0.00717326164721633,0.0190756466624865
"Trak2",0.474676228889712,2670,-0.182736970968239,-4.3301064515872,0.00325233293740863,0.00954928201044914
"Tram1",0.458024691358025,135,-0.252387161634286,-0.588363406609389,0.278023360059374,0.407088305566867
"Trap1",0.394944707740916,211,-0.61058830839665,-4.94967588032486,0.00165337001981236,0.0052321638722209
"Trappc10",0.460217755443886,398,-0.278426456250776,-1.4864292000284,0.0846721230331414,0.157081064068116
"Trappc11",0.465666666666667,500,-0.207941265038908,-1.64814107020817,0.069436878401288,0.133694873158188
"Trappc12",0.497846255798542,503,-0.0100536646639231,-0.070876681339314,0.706544117155265,0.828353557091029
"Trappc13",0.467488789237668,446,-0.225066555634773,-1.28120900886995,0.109431093883097,0.193902191695709
"Trappc3",0.595744680851064,282,0.581047450717773,-4.33668244349576,0.00322894435389178,0.00949400005927311
"Trappc4",0.464611872146119,146,-0.233490130219778,-0.463102647245606,0.3358509221137,0.470808560824385
"Trappc6b",0.568324372759857,372,0.385166969696706,-2.66404890621118,0.0209842754066389,0.048735798107045
"Trappc8",0.51430584918957,946,0.109810003063597,-0.0203850077605239,0.839982501017273,0.939973749054341
"Trappc9",0.495209689081706,922,-0.0773057261674488,-0.0388366987492645,0.780475465260982,0.890455774746169
"Trdmt1",0.541436464088398,181,0.233672346202451,-0.434463728548252,0.351252405042311,0.488016175252327
"Trdn",0.489932395775581,4926,-0.0341119378844235,-5.72561861360191,0.000714464141493849,0.0024541879824497
"Trib1",0.577762039660057,353,0.394971876224738,-3.51528919740042,0.0080129468464241,0.0210041421348065
"Trim11",0.469534050179211,279,-0.184839675453595,-0.737618037105818,0.224521372781861,0.344848387668616
"Trim12c",0.245238095238095,210,-1.54432051622381,-29.2082181353068,2.12111522817798e-14,2.29627829218236e-13
"Trim23",0.441164658634538,415,-0.376854305390956,-3.23496646664336,0.0109714672632646,0.0278624624559335
"Trim24",0.196786277602524,1268,-2.20594685404073,-228.579070997139,1.99679174155562e-101,1.57676072580251e-99
"Trim25",0.604166666666667,120,0.649502752915867,-2.23248115047845,0.034596853107801,0.0749077671159871
"Trim26",0.503424657534247,219,0.0223678130284544,-0.00234160017100749,0.94544022704713,1
"Trim33",0.505285412262156,473,0.0532420212769793,0.00435937823186805,1,1
"Trim35",0.425869120654397,489,-0.410685474739136,-6.00773958516902,0.000527605219380221,0.00187072701134709
"Trim37",0.685871056241427,243,1.08650899325468,-15.7337376657612,2.02809080655109e-08,1.35583122445925e-07
"Trim41",0.43719806763285,207,-0.342601663152112,-1.9267623393367,0.0496415667065281,0.100937351025209
"Trim44",0.516061185468451,1046,0.102547564083019,-0.130608495946717,0.609285295276276,0.744903989416096
"Trim54",0.379583311601384,2490,-0.725878546011187,-64.763251431832,5.20172577225259e-30,1.09792400576602e-28
"Trim55",0.43525578019655,3039,-0.400879436282184,-29.1339043208882,2.2875679966798e-14,2.46851388966477e-13
"Trim63",0.511114000077039,2435,0.0522519007355984,-0.0714682537009139,0.705379003879829,0.827710467489757
"Trim68",0.69811320754717,159,1.13006054056437,-11.848347157129,1.12776081420228e-06,6.28698553565255e-06
"Trim7",0.867781155015198,329,2.74919189649947,-108.354889251292,4.72159671783225e-49,1.74128336099396e-47
"Trim72",0.594054580896686,342,0.565853677773452,-4.9713684112441,0.00161485282161221,0.00511993015524855
"Trim8",0.451159951159951,273,-0.23644019582208,-1.48902564327301,0.0844008349924207,0.156664381766905
"Trio",0.495755885997522,1076,-0.0666297936645193,-0.0657504051832802,0.71688099451246,0.83725513053204
"Trip10",0.367657466383581,471,-0.763765653509922,-17.525294168415,3.21249894023426e-09,2.34372748770135e-08
"Trip11",0.570951436130008,2016,0.437580067929932,-11.3990731623853,1.79939177630729e-06,9.71642606804064e-06
"Trip12",0.431729284611426,1943,-0.428973942201672,-16.6489947280315,7.90643394784713e-09,5.50497766161306e-08
"Trip4",0.5,723,0.0134832293636218,-0.0520171930202196,0.747040898804773,0.863910839555071
"Trit1",0.511583011583012,259,0.0528518822657347,-0.0111446271381794,0.881320180680896,0.975242311073315
"Trmt10a",0.728395061728395,162,1.34395440121736,-16.1586160572249,1.30946891269211e-08,8.91395065110488e-08
"Trmt11",0.528942115768463,167,0.0806184602082851,-0.0998813684255424,0.654912426179199,0.784959322234783
"Trmt13",0.440402155887231,804,-0.341213081830754,-6.92137730912555,0.000198761630327983,0.00077880213821449
"Trmt1l",0.5002208630649,981,-0.0360692547075216,-0.0015033285149002,0.956271515984861,1
"Trmt5",0.366847826086957,184,-0.756330919033137,-6.98903990430614,0.000184954419582103,0.000728102090460456
"Trmt61b",0.558394160583942,137,0.293196376344046,-0.703664871336741,0.235500177377478,0.358105389795567
"Trp53",0.360332294911734,321,-0.80573117957794,-13.1067705707165,3.05671573637266e-07,1.80445699406625e-06
"Trp53bp1",0.594186046511628,516,0.528624516571344,-7.69631665143294,8.73280811294942e-05,0.000362042050982807
"Trp53bp2",0.544546850998464,217,0.267480310864985,-0.591353159962893,0.276805730531895,0.406102746083078
"Trp53cor1",0.462765957446808,94,-0.218180170049534,-0.353775417221527,0.400258076440929,0.540658524667241
"Trp53inp1",0.538337924701561,363,0.188577708344204,-0.708746475886869,0.233816492030417,0.356029104924719
"Trp53inp2",0.502270779777206,1167,-0.0154506969756758,0.0596756111165178,1,1
"Trp63",0.447344322344322,112,-0.0310268956206246,-0.306006380975916,0.434030974663039,0.576075914957152
"Trpc1",0.467592592592593,810,-0.218967624378831,-2.08887714159096,0.0409579387355947,0.0862681129042924
"Trpc3",0.449187892211148,129,-0.259643816633019,-0.790590557438321,0.208590645444804,0.32559544470361
"Trpc4ap",0.541853094705444,894,0.274622380109006,-1.98646190582826,0.0462374212216846,0.0954909449969069
"Trpm7",0.510894902806051,2386,0.0493156671193071,-0.000414392244692863,0.977033179151145,1
"Trrap",0.485429769392034,795,-0.0867116331933309,-0.668133986873727,0.247693192372325,0.372678033446099
"Trub1",0.512658227848101,237,0.0574854946607601,-0.0151186544011637,0.861952868314025,0.958804715300585
"Tsacc",0.571699134199134,308,0.364663976763724,-2.40871895402017,0.0281731925831737,0.0627635094412121
"Tsc1",0.5446735395189,485,0.273410158598013,-1.46478255181012,0.086970917758007,0.160282482150396
"Tsc22d1",0.482843137254902,136,-0.0573331750659509,-0.146184960879552,0.588705816091679,0.726005350677206
"Tsc22d2",0.498804500703235,948,-0.00938341545863652,-0.0924314861304083,0.667226962798637,0.795740471624814
"Tsc22d4",0.491704374057315,221,-0.084533510211668,-0.08792251468941,0.674968543926051,0.802833398339829
"Tsen15",0.401685393258427,178,-0.685364397678994,-3.71143491446199,0.00644000191412145,0.0172970359534146
"Tsen2",0.473895582329317,249,-0.134542123378828,-0.517140030894836,0.309155519904305,0.441970574994185
"Tsen34",0.445736434108527,129,-0.247927513443585,-0.910230185305252,0.177258487352073,0.286688907736654
"Tsg101",0.494477911646586,332,0.0154300405696057,-0.0590864028501983,0.731024740714088,0.849781444349318
"Tshz1",0.624969861362266,1106,0.853513911522516,-25.3616193737871,1.06352832629841e-12,1.01110511701344e-11
"Tshz2",0.528076463560335,279,0.174250926845102,-0.308704682783741,0.432011614121359,0.573849585193462
"Tsn",0.564569536423841,302,0.323837684895993,-1.89365256818701,0.0516427308757787,0.104370871754769
"Tsnax",0.834610146407899,979,2.29624145122371,-277.797445405973,7.63633768327839e-123,7.32215693288065e-121
"Tspan18",0.316326530612245,98,-1.15200309344505,-6.91399160706963,0.00020033027807832,0.000783119875632895
"Tspan3",0.489326484018265,584,-0.03424956195291,-0.299037992957437,0.439313067639453,0.581935920662326
"Tspan9",0.466093600764088,349,-0.245112497836532,-1.05884507670174,0.1456059975302,0.243960922471967
"Ttbk2",0.487562562562563,666,-0.0776028181239727,-0.435644419907135,0.350598750282825,0.487410690119785
"Ttc1",0.483568075117371,213,-0.153350776906796,-0.173970624087048,0.555280859487535,0.693974474598576
"Ttc13",0.547916666666667,320,0.321928094887362,-1.06339150632311,0.144744256457849,0.24306315970605
"Ttc14",0.515621449670529,1467,0.114511881123706,0.076864187477895,1,1
"Ttc17",0.595691258524489,1613,0.543443231282889,-20.8248815078832,1.09178625122913e-10,8.94758158516471e-10
"Ttc19",0.5354179630782,1607,0.207836585381273,-2.00410545872455,0.0452791739167636,0.0937137882606591
"Ttc21b",0.459722222222222,120,-0.215728691055437,-0.542681638931114,0.297500844809308,0.429609653691927
"Ttc23",0.531067961165049,515,0.223125684397157,-0.428306917114469,0.354688024146862,0.491974791914391
"Ttc27",0.458684654300169,593,-0.32465616700355,-2.22173559815224,0.0350349453851262,0.0756854050289562
"Ttc28",0.409292328042328,1008,-0.604217057801101,-17.3218952196085,3.95899414513899e-09,2.85728695722289e-08
"Ttc3",0.550086375244104,1268,0.310632786206194,-4.22811986879788,0.0036379319164328,0.0105750537129047
"Ttc32",0.356573705179283,251,-0.889576010306349,-11.241686271088,2.11970511955124e-06,1.13547172884501e-05
"Ttc33",0.430285343709468,257,-0.358686644897481,-2.91514988317809,0.0157524390714477,0.0382388322052646
"Ttc39b",0.395486935866983,842,-0.574790695663865,-19.5335665923782,4.09479759175221e-10,3.23725340822624e-09
"Ttc39c",0.350917431192661,218,-0.975477680865931,-10.4183604218851,5.00147825066854e-06,2.50521806108114e-05
"Ttc4",0.795833333333333,240,1.99304723935823,-42.2310836764759,3.91637661692709e-20,5.66524134758936e-19
"Ttc41",0.477272727272727,154,-0.104336659814735,-0.252277813803133,0.477505229092585,0.618609360677365
"Ttc7",0.536163522012579,265,0.184839675453595,-0.435661546859933,0.350589280650184,0.487410690119785
"Ttc7b",0.48851489270271,1773,-0.0843069248654467,-0.799459521672816,0.206056465330452,0.322089193129481
"Ttc8",0.47323600973236,274,-0.0804186824552975,-0.557842907723852,0.290849309575468,0.422518736404553
"Ttc9c",0.490646258503401,196,-0.051994637638261,-0.105557773868952,0.645894450756,0.777901229763911
"Ttf1",0.474649406688242,309,-0.12700527673532,-0.623090775919422,0.264283035295544,0.391409628459954
"Tti1",0.454149933065596,249,-0.356143810225276,-1.05361628516675,0.146604233330601,0.245327253581399
"Ttll1",0.466496163682864,391,-0.180572245641821,-1.18497619461607,0.123690823803887,0.213312643723456
"Ttll11",0.577323717948718,624,0.379192300332121,-5.90329999229289,0.000590211180909198,0.00206974788205984
"Ttll4",0.651654411764706,544,0.855264907018989,-21.9969373158825,3.2940510740018e-11,2.83457318060257e-10
"Ttll5",0.527435561380516,763,0.140351886058965,-0.57212516982645,0.284755997513186,0.414954896940622
"Ttll7",0.633686690223793,283,0.853375086281517,-8.80297136484756,2.71737862120373e-05,0.000122000303046953
"Ttn",0.502501436525228,5776,0.00910272310734861,-4.35766010809675,0.00315546988771477,0.00930967643355672
"Ttpa",0.334905660377358,106,-0.963474123974886,-6.27958418827825,0.000394267164949137,0.0014450074873768
"Ttpal",0.554929577464789,355,0.306838758764423,-1.53691109628721,0.0795622046944023,0.149309253898159
"Tuba1c",0.670698924731183,124,1,-6.65742051491105,0.000263313649944493,0.00100475339307984
"Tuba8",0.498079877112135,434,0.0292645945051948,-0.0177111615118406,0.850713452025283,0.948660689482256
"Tubd1",0.558837656099904,347,0.34617564113404,-1.72506589451467,0.0632467266258274,0.123368796603474
"Tubgcp2",0.572222222222222,180,0.393144893430002,-1.54520725976172,0.0787547435065656,0.148026277909848
"Tubgcp3",0.518575851393189,323,0.139857663582961,-0.0257134498535265,0.820598705964779,0.92258936590211
"Tubgcp5",0.396969696969697,440,-0.528857398836005,-10.2946532384225,5.69131309313814e-06,2.81089723923055e-05
"Tulp3",0.599896480331263,322,0.556765608890505,-5.35367040646986,0.0010671129065641,0.00351963726233821
"Tulp4",0.429468177855275,1147,-0.40180167212215,-11.9273611162769,1.03886715766506e-06,5.81557661571966e-06
"Tusc3",0.3415770609319,465,-1.02990148571386,-23.9829736522343,4.33686279458491e-12,3.93365176719647e-11
"Tut4",0.521257125712571,1111,0.167370941798869,-0.144650162125799,0.590669248140984,0.727845051133153
"Tut7",0.456044600938967,568,-0.27628542933165,-2.77338550555157,0.0185148122837717,0.0438811511471313
"Twf1",0.380952380952381,168,-0.706953025099767,-5.26596583363624,0.00117329514285073,0.00383337167160589
"Twf2",0.534338896020539,779,0.208878635786889,-1.10690555069641,0.136780397321364,0.231894424556957
"Twnk",0.507326007326007,182,0.0883558744208468,0.0187235290048022,1,1
"Twsg1",0.513360053440214,499,0.121990524378611,0.00444780663696065,1,1
"Txlna",0.422480620155039,215,-0.415037499278843,-2.81992868632526,0.0175566352797382,0.0419359914582217
"Txlnb",0.473028217090446,3463,-0.122830582024205,-8.85836733629367,2.56361350703833e-05,0.000115871877840008
"Txn2",0.612671660424469,534,0.563207948080635,-11.7065298037238,1.30688293190329e-06,7.22553396946862e-06
"Txndc11",0.521353537258627,1203,0.154055291573294,-0.0585013804927712,0.732308250002347,0.850536939611654
"Txndc12",0.400157232704403,318,-0.578536231561723,-6.9175480147976,0.000199573382544288,0.000780615701420315
"Txndc15",0.543130990415335,313,0.250808103500535,-0.828556861285279,0.19799347423886,0.312322490973261
"Txndc16",0.618734335839599,266,0.729146089706907,-6.58675069021135,0.000283935708146741,0.00107307233844647
"Txnip",0.514760147601476,271,0.119463666601572,0.015238402134969,1,1
"Txnl1",0.616032033847084,1103,0.675749525564061,-24.2192689266165,3.40804487115193e-12,3.11645738081359e-11
"Txnrd1",0.520138888888889,768,0.115477217419936,-0.206066888546047,0.520888466479849,0.661658475967591
"Txnrd2",0.539351851851852,216,0.148098638989134,-0.387285432573663,0.378806722413568,0.517725660932574
"Tyw1",0.39018691588785,214,-0.625320238337297,-5.73913022082851,0.00070415006901668,0.00242654663920291
"Tyw5",0.51006711409396,149,0.106915203916512,0.0182439690641445,1,1
"U2af1",0.508042895442359,373,0.0895515849782926,0.0445677409967971,1,1
"U2af2",0.498397435897436,312,0,-0.038077110918266,0.782578371229567,0.891793892647343
"U2surp",0.490594541910331,1368,-0.0467767706694477,-0.727975028044739,0.227575610065008,0.34834378443702
"Uaca",0.468642611683849,388,-0.227410496103072,-0.991201563678089,0.159137471068153,0.262053656969931
"Uap1",0.523055555555556,450,0.167944637314071,-0.163619936604505,0.56728888852527,0.706034307395069
"Uba2",0.473079968329374,421,-0.13865353978603,-0.867986552869525,0.187649870786003,0.299454572685605
"Uba3",0.461379460400348,766,-0.23867259123801,-2.98948789370286,0.0144774072251412,0.0355942700714826
"Uba5",0.570315703157032,813,0.401910065293231,-6.21727719409137,0.000421462865807934,0.00153159651072163
"Uba6",0.431586021505376,248,-0.388402372775377,-2.53937558275291,0.0242208096068328,0.0551645992809846
"Ubac1",0.489294117647059,850,-0.0724284731649965,-0.312270334085952,0.429364933018471,0.571108970118984
"Ubac2",0.572147766323024,970,0.43575878965293,-7.28273218585696,0.00013537300951283,0.000544412007100128
"Ubap1",0.557017543859649,38,0.295455883526171,-0.112610143201991,0.63509078830018,0.768718631626998
"Ubap2",0.49813153961136,446,-0.0234589728239882,-0.0422114485318161,0.771390773649099,0.883756287242803
"Ubap2l",0.482262059570252,1538,-0.112302969624793,-1.42825859594268,0.0910043442169606,0.166255078493261
"Ubc",0.594327690212104,1142,0.595576174746008,-14.1666590976324,1.02123055736412e-07,6.35853385995175e-07
"Ube2b",0.521868179255741,2846,0.141265898854841,-0.517925926160387,0.308788187646058,0.441539479224614
"Ube2d1",0.497102931152011,489,-0.038732394488715,-0.0465639645075271,0.760237677900235,0.873902259644867
"Ube2d2a",0.551292596944771,851,0.347255440570224,-2.52226839520858,0.0247037114516284,0.0560931364219655
"Ube2d3",0.475239236127045,2264,-0.142282246373183,-4.03273899930809,0.00451165715567489,0.0127989192007142
"Ube2e1",0.550162337662338,308,0.271804615461526,-1.14178040212022,0.130751377429118,0.223650164450622
"Ube2e2",0.529109035548266,2312,0.145754945779872,-1.72278927899015,0.0634212136679887,0.123601389703699
"Ube2e3",0.535834738617201,593,0.129283016944966,-0.799756615826595,0.20597220654027,0.322066000812335
"Ube2f",0.520226537216828,412,0.0368367681803718,-0.00192195994600297,0.950563346475033,1
"Ube2g1",0.603896103896104,77,0.53051471669878,-1.26804269072177,0.111270349626249,0.196538575445102
"Ube2g2",0.6375,200,0.860596943334584,-6.82983874278631,0.000219109130635315,0.000850524948445805
"Ube2h",0.451987697718668,2483,-0.318175960026255,-10.810175049583,3.32307295038818e-06,1.72368358910398e-05
"Ube2i",0.527386541471048,213,0.192645077942396,-0.181847524375911,0.546461227258636,0.685579020067283
"Ube2j1",0.446506370735717,811,-0.336898671782511,-5.26568170815915,0.00117365595726313,0.00383337167160589
"Ube2j2",0.433823529411765,204,-0.434719865140544,-2.08443404622076,0.0411732976691593,0.0866045672063294
"Ube2k",0.479456742374369,1736,-0.0981803939389034,-2.34218085546672,0.0304383699456122,0.0669404780717395
"Ube2l3",0.483441910966341,614,-0.0369415783881362,-0.531694426643867,0.302443536771443,0.434782826902961
"Ube2n",0.483750745378652,559,-0.0914983544854957,-0.547951799633552,0.295166853873296,0.426885473764511
"Ube2o",0.471153846153846,338,-0.223506041647156,-0.565428842721133,0.287592466975168,0.418452338681406
"Ube2q2",0.546514675052411,636,0.254572827085597,-1.94865831402615,0.0483632958055606,0.0987871093873776
"Ube2r2",0.427156778446546,1163,-0.430702094442136,-12.5946080443166,5.1971994293702e-07,2.99321661391543e-06
"Ube2v2",0.462389023405973,826,-0.187701080608505,-3.17099391695876,0.0117912665993706,0.0296860395405009
"Ube2w",0.483005464480874,915,-0.107844955215617,-0.785663837292759,0.21001430790618,0.327431603698205
"Ube3a",0.468747126436782,1450,-0.194816176984023,-3.62526016253832,0.00708804706490153,0.0188939523032641
"Ube3b",0.477961432506887,242,-0.101086125114315,-0.391988877003797,0.375927355311071,0.514823086656289
"Ube3c",0.506760145918833,1462,0.0412836814014597,0.00206099550041472,1,1
"Ube3d",0.353825136612022,122,-0.584962500721156,-5.23036568744575,0.0012193899042453,0.0039730801151915
"Ube4a",0.498803921568627,850,0.0348947904461858,-0.00734461100205408,0.903533336425687,0.995815394760134
"Ube4b",0.466110216016231,1596,-0.231891682262331,-3.74756185557771,0.00618662811831884,0.0167033982019936
"Ube4bos1",0.53448275862069,203,0.171480467944353,-0.311778504786929,0.429728542112893,0.571382324616034
"Ubfd1",0.54981884057971,184,0.276331228447252,-0.63315335663782,0.260460683102,0.387200909187292
"Ubl3",0.469748386028803,863,-0.148433083908194,-2.03868100826207,0.0434614616858451,0.0904257070165506
"Ubl7",0.510149572649573,312,0.0603005102678145,-0.00531824800253844,0.917857105414501,1
"Ublcp1",0.480115690527838,461,-0.160157225193491,-0.516556669100794,0.309428554153583,0.44217254747261
"Ubn1",0.505863273453094,668,0.0501234794258365,0.00802558020450306,1,1
"Ubn2",0.479806247547589,2714,-0.168342231079621,-1.8973772891859,0.0514134098010627,0.10401087453558
"Ubp1",0.535930735930736,385,0.20945336562895,-0.61649156685786,0.266827673072346,0.394742636469383
"Ubqln1",0.485507246376812,460,-0.108610497931669,-0.404157012543124,0.368619179596968,0.507371989204242
"Ubqln4",0.532520325203252,328,0.189342455269554,-0.470239813692388,0.332154524289511,0.466673984235398
"Ubr1",0.529907655644921,1119,0.157239741811197,-1.05992547115375,0.145400694518813,0.243799515765744
"Ubr2",0.477409601932907,2832,-0.163667533257689,-4.42909296549669,0.00291777402548435,0.00868859771918852
"Ubr3",0.507093582016289,2911,0.0514015977504039,0.0849727403497127,1,1
"Ubr4",0.511971830985915,710,0.0656669176489948,-0.0460082310092957,0.761629124811999,0.87520196639927
"Ubr5",0.488602671563725,2619,-0.0373605275039273,-1.59139592677957,0.0744174784191481,0.141415367975502
"Ubtd1",0.438194444444444,240,-0.363963314684574,-2.24571803547812,0.0340650503107248,0.0739471596654543
"Ubtd2",0.62962962962963,135,0.687212558969106,-4.05639249182174,0.00439541466808432,0.0125114602426556
"Ubtf",0.549513704686118,377,0.266992419402477,-1.32539065907412,0.103499014897392,0.184904282137689
"Ubxn2a",0.470659407138536,551,-0.101445263559546,-1.26506020108934,0.111691693465421,0.196981853812552
"Ubxn4",0.498149229048105,979,0,-0.111445971757576,0.636845182347728,0.769903613818075
"Uchl3",0.492018779342723,355,-0.0764981374740437,-0.134644449261884,0.603809184443758,0.739961155009403
"Uchl5",0.534444444444444,150,0.0843921872903728,-0.112803681594073,0.634800206123515,0.768718631626998
"Uck2",0.488039052130989,1327,-0.0770133484103193,-0.905832730693419,0.178308571213585,0.288040223823245
"Ucp3",0.596087636932707,852,0.632066735848199,-11.3977231125684,1.80192160765148e-06,9.72226513710348e-06
"Uevld",0.463076923076923,325,-0.144389909335175,-1.11412393179467,0.135507437641193,0.23008497886357
"Ufd1",0.481702898550725,460,-0.109347396188361,-0.551391521972505,0.293656152781494,0.425798249615335
"Ufl1",0.509088827838828,728,0.150964809815573,0.522833349570305,1,1
"Ufsp2",0.50343137254902,340,0.0901978089715776,0.104972239807012,1,1
"Uggt1",0.523028883684621,427,0.130960677883163,-0.203921999763281,0.523065839390801,0.663796164490652
"Ugp2",0.658268566266389,2269,1.24883477374446,-65.2000152156816,3.34985082847338e-30,7.09280718003575e-29
"Uhmk1",0.503267973856209,153,-0.0174874267288407,0.0091829964501926,1,1
"Uimc1",0.593900966183575,552,0.569855608330948,-7.67982547927693,8.8865834466604e-05,0.000367735808224319
"Ulk1",0.494604316546763,278,-0.0187365625815854,-0.0741273971932515,0.700208749201844,0.823226681492867
"Ulk2",0.50160175879397,1592,-0.0278667934329437,0.0735800646934877,1,1
"Umad1",0.521117855336368,659,0.170746815785748,-0.110350954518935,0.638505618597346,0.771494097574327
"Unc13b",0.528582202111614,221,0.133583154378591,-0.180209294157407,0.548273854145896,0.686954285799376
"Unc13c",0.0566037735849057,53,-4.56478461878353,-39.6008710684255,5.60806051565766e-19,7.66625299003955e-18
"Unc45a",0.595010615711253,314,0.554374180887733,-4.54720276125352,0.00256392533758709,0.00774827805351106
"Unc45b",0.503395610913404,1124,0.0383208462959344,0.00695287321173055,1,1
"Unk",0.48783185840708,452,-0.094545636507001,-0.282856275741096,0.451967681993332,0.594824917948871
"Unkl",0.441414141414141,330,-0.370368449945116,-2.73986567477436,0.0192382154759424,0.0452125007964023
"Upf2",0.53147029204431,662,0.168569721830301,-0.694600408989459,0.238540108691025,0.362071734403926
"Upf3a",0.399323181049069,197,-0.561878887608114,-4.46580654345237,0.00280276705530364,0.00837585595511935
"Uqcc1",0.475104148585315,1646,-0.141007269940522,-2.85448263054286,0.0168784852971878,0.0406342874156113
"Uqcc4",0.482352941176471,170,-0.0771678605224597,-0.185983409708143,0.541934130157967,0.681429572297611
"Uqcc5",0.497404844290657,578,-0.0524674198941355,-0.0411697315623769,0.774151724991778,0.885541482157634
"Uqcr10",0.543564356435644,505,0.283792966000591,-1.25627657518442,0.112942817309568,0.198708306626952
"Uqcr11",0.470212765957447,235,-0.14957635605051,-0.598862033954077,0.273777038724332,0.402715644075765
"Uqcrb",0.493506493506494,154,-0.122484006524995,0.0211637336195736,1,1
"Uqcrc1",0.492392883079158,918,-0.0524674198941359,-0.284572274742004,0.450599049981859,0.59325634042335
"Uqcrc2",0.557156375680151,1409,0.3239538781,-6.20739759105345,0.000425945726851068,0.00154621293597857
"Uqcrfs1",0.493710691823899,583,-0.00435202453970707,-0.146998549696036,0.587670407456542,0.725214887819142
"Uqcrh",0.498299319727891,490,0.0052749420406748,-0.0617847171089352,0.725194938003705,0.845251349434162
"Urb1",0.46652719665272,239,-0.203214319652584,-0.752854789218588,0.219794935687062,0.339922490398977
"Urgcp",0.626588967920702,1667,0.801165547965451,-36.3750861816941,1.47145376342554e-17,1.89566173898507e-16
"Uri1",0.58277027027027,1036,0.46707168083943,-10.8458505477249,3.20173411395908e-06,1.66589452503049e-05
"Urm1",0.493333333333333,100,-0.0259952085329447,-0.0258395047600857,0.820167009203858,0.922413030458494
"Uros",0.410761154855643,254,-0.51846708893425,-4.54679861882099,0.00256505867623683,0.00774827805351106
"Usf2",0.436507936507937,189,-0.389946518316014,-1.81328301727282,0.0568640316691574,0.112753731333348
"Usf3",0.456731875719217,869,-0.220787643594908,-3.91494128617592,0.00513894382251585,0.0143182195669267
"Ush1c",0.284501947690595,599,-1.27301849440642,-57.3554380329772,9.10501560140722e-27,1.7263521106397e-25
"Uso1",0.460671462829736,695,-0.226841754210413,-2.89482856442987,0.0161207330412354,0.0390481270923033
"Usp1",0.424528301886792,106,-0.400537929583729,-1.39399148062734,0.0949737029782285,0.172054924261773
"Usp10",0.544205495818399,558,0.250543461650597,-1.55188929197789,0.0781108013383488,0.147145579170081
"Usp12",0.411917098445596,193,-0.468553008605846,-3.39211493247009,0.00919666992213421,0.0237598339173845
"Usp13",0.55331489778068,2864,0.335723739200916,-8.47198200519551,3.84995341635546e-05,0.000168894688435149
"Usp14",0.47404703974047,822,-0.154722594798642,-1.5869330806363,0.0748251288164501,0.141992158500428
"Usp15",0.528671055286521,1888,0.158445504556594,-1.20593505280522,0.120418434666386,0.208952667636658
"Usp16",0.513835674755215,783,0.0911478880581953,-0.0502523655685536,0.751224775679371,0.86720745096505
"Usp19",0.468586387434555,191,-0.158064846232252,-0.527316660758288,0.304442399335271,0.436814319012043
"Usp2",0.520924363688802,1541,0.108620629394939,-0.542367225506496,0.29764083613831,0.429719357315625
"Usp20",0.461021505376344,558,-0.237629860580702,-2.05669893475965,0.0425448041524093,0.0888213765073006
"Usp24",0.527919203099059,1807,0.173947014197498,-1.12580154780289,0.133476063239012,0.22703784502287
"Usp25",0.323973679854329,1726,-1.05972979167963,-102.229795175939,2.22178302713059e-46,7.49377270256306e-45
"Usp28",0.563181807272029,1984,0.396784179841711,-8.24803023584445,4.87512639476333e-05,0.000210700890931432
"Usp3",0.520758839888756,839,0.101427732892123,-0.347200002475574,0.404671795959908,0.545413071181306
"Usp31",0.471830985915493,426,-0.167804949567943,-0.983126720318751,0.160846100283102,0.264154398116022
"Usp32",0.520845026504521,1069,0.139343826652439,-0.33232012373719,0.414926525402486,0.555331373579559
"Usp33",0.593462138953942,854,0.531566243743064,-12.3000807433197,7.05458219854474e-07,4.00934426051078e-06
"Usp34",0.485882776497696,2480,-0.140764286381838,-0.535728640601064,0.300616512381858,0.433239016239793
"Usp36",0.518321513002364,564,0.150559676575381,-0.0843512261441219,0.68126756318782,0.808177427380108
"Usp37",0.451981209150327,816,-0.260501139088272,-4.51419107179072,0.00265819640667029,0.00800081357917983
"Usp38",0.478125,480,-0.0845777707703652,-0.745476034228432,0.222068799797779,0.342177636419351
"Usp4",0.514261744966443,596,0.105661776347756,-0.0402477261192189,0.776627108864067,0.887897037109945
"Usp40",0.555828323313293,998,0.350186354928876,-3.98696645866835,0.00474557216681426,0.0133328925842015
"Usp45",0.473083778966132,748,-0.101802280522859,-1.44543810953962,0.0890824647504255,0.163411178848007
"Usp46",0.347355003186743,523,-0.899473124046036,-25.3714017004557,1.05297952501801e-12,1.0024962513363e-11
"Usp47",0.48401031592521,1551,-0.1325720928039,-1.04344641431908,0.148567970431469,0.247933420570865
"Usp5",0.610236220472441,127,0.610957709254101,-2.60496337742578,0.0224582808248985,0.051598347228474
"Usp50",0.572433192686357,237,0.427421223734677,-1.98228332276423,0.0464674811339757,0.0957598198867808
"Usp53",0.468533333333333,625,-0.169490520173891,-1.67552279456606,0.0671623399346086,0.129836873744554
"Usp54",0.619230187980188,1628,0.624605880257708,-34.7386569309556,7.72984999432179e-17,9.64363441670778e-16
"Usp6nl",0.36897880539499,173,-0.843274496312548,-6.28005588626857,0.00039406817813186,0.0014450074873768
"Usp7",0.44796511627907,860,-0.238572348391882,-5.42843611625301,0.000984297993541374,0.0032787137134738
"Usp8",0.524462365591398,744,0.205028802398228,-0.199447673831742,0.527660297364109,0.667481326028627
"Uspl1",0.505263157894737,285,-0.0189831033675727,0.0406854734093827,1,1
"Utp11",0.389384920634921,336,-0.670431842910506,-8.89816375247352,2.45857334408464e-05,0.000111274068007391
"Utp18",0.538910505836576,257,0.17730453180791,-0.510577094529879,0.312245388638713,0.445193906161773
"Utp20",0.518242122719735,201,0.197939377611909,0.0735167065086273,1,1
"Utp25",0.454166666666667,200,-0.255654875468196,-1.03820930102941,0.149590799589662,0.249330381635413
"Utp4",0.529616724738676,287,0.157879659781719,-0.295186372372825,0.442275016828947,0.584590372775874
"Utp6",0.479833926453144,281,-0.15200309344505,-0.335173871145287,0.412930394528276,0.553542801692389
"Utrn",0.555382387855001,1917,0.347504341593378,-5.70562499538119,0.000730006981315558,0.00250117756946913
"Uvrag",0.52403672097233,1289,0.106397923509074,-0.581560337242763,0.280819278991795,0.410376442541461
"Uvssa",0.514150943396226,212,0.141176062960694,0.0210020411686855,1,1
"Uxs1",0.45956607495069,169,-0.234465253637023,-0.760503361678445,0.217467209545052,0.336865892099328
"Vamp2",0.531936127744511,167,0.192645077942395,-0.18994051711087,0.537666911689656,0.677331139500933
"Vamp3",0.531620553359684,253,0.195550809117807,-0.315675012539231,0.426860547897986,0.568921365665465
"Vamp4",0.548076923076923,260,0.282143228781498,-0.895162472966632,0.180886576520861,0.290874629038817
"Vamp5",0.524669073405535,277,0.1263164497814,-0.186962167734436,0.540872901307173,0.680475897577084
"Vapa",0.506054476806904,1236,0.0190858411308987,0.0114005335772163,1,1
"Vapb",0.632003798670465,351,0.79836613883035,-11.0197988740644,2.67083185278646e-06,1.40831766076636e-05
"Vav2",0.510152284263959,197,0.0549664592179289,-0.00538652277919027,0.917333397211812,1
"Vav3",0.418538011695906,285,-0.681958827196797,-2.95523702852779,0.0150511210073362,0.0367569275291874
"Vcf1",0.574285714285714,175,0.419376435003182,-1.52935357437522,0.080305541746763,0.150561674917395
"Vcl",0.481089707002486,2465,-0.0997417875652502,-2.80325117118718,0.0178939456761445,0.0425901288575468
"Vcp",0.542226001511716,1260,0.275880727367926,-2.65565882550754,0.0211873260382093,0.0491183952861379
"Vcpip1",0.483225108225108,308,-0.136688671968381,-0.264290938175691,0.46720367899105,0.610447944984997
"Vdac1",0.548226326590443,1137,0.270089163367744,-3.63593530207754,0.00700428184276655,0.0186929382618883
"Vdac2",0.453370978781656,974,-0.194310815387449,-4.81661343227506,0.00191088590300612,0.00596274578381081
"Vdac3",0.518920916481892,902,0.0682128340948172,-0.205360978341332,0.521603295962084,0.662190528181863
"Vegfa",0.406177685406541,2412,-0.491579054151837,-38.3655909882737,1.95885933064792e-18,2.62432411722732e-17
"Vegfb",0.551122194513716,401,0.224431566610047,-1.45690994050932,0.0878236377365555,0.161499248352811
"Vegfc",0.600392156862745,85,0.561878887608114,-1.62747632607848,0.0712079937036447,0.136322890398991
"Vezf1",0.535128205128205,650,0.196320736085795,-1.00920554968809,0.155401678315191,0.257036980002849
"Vezt",0.535496003761166,709,0.206450877467427,-1.16541369664435,0.126834445768127,0.217899496415031
"Vgll4",0.492417962003454,965,-0.0557632715220087,-0.303642046667846,0.435812233336779,0.577982950040795
"Vim",0.469301426154218,197,-0.190942782711395,-0.498331724252381,0.318119204775686,0.451601879334772
"Vipas39",0.538120567375887,752,0.182443041288741,-1.36081491116875,0.0989968846301713,0.177856714082624
"Virma",0.488907849829352,879,-0.0473057147783567,-0.470004027042933,0.332275770360692,0.466673984235398
"Vis1",0.527580071174377,562,0.175476747124849,-0.438933948603562,0.348786310831066,0.485695792178032
"Vkorc1l1",0.454891304347826,460,-0.275893617147653,-2.40182917170017,0.0283993716223643,0.0631466762066546
"Vldlr",0.660867952522255,2022,0.985042919471947,-72.0313753158161,3.4424795811734e-33,8.05084423304386e-32
"Vmp1",0.520389344262295,1464,0.139499412988103,-0.195041118987319,0.532256177149309,0.672281419086594
"Vopp1",0.483506944444444,192,-0.146389486981524,-0.143537938079703,0.592100499971603,0.729073299543093
"Vps13a",0.47742424996081,2872,-0.168714033652977,-4.62849171281368,0.00234599120127609,0.0071671793094971
"Vps13b",0.479984498761791,2519,-0.134809414580672,-2.40903509565851,0.0281628593209176,0.0627635094412121
"Vps13c",0.557913998170174,1093,0.274530044671623,-5.20424500235958,0.00125437270937753,0.00407716688878546
"Vps13d",0.506870587117501,2673,0.0598037597298138,0.131866956080103,1,1
"Vps16",0.517241379310345,116,0.133266530863464,-0.0179256524619689,0.849822892039266,0.948140168112958
"Vps25",0.490384615384615,208,-0.128897733182257,-0.0309284680221822,0.803584690053663,0.909248219764023
"Vps26a",0.540774223458507,719,0.274821702441582,-1.31657707294607,0.104653626799601,0.186619326003965
"Vps26c",0.595918367346939,245,0.634482636564956,-3.74381136085532,0.00621245174379167,0.0167596366978817
"Vps29",0.515384615384615,195,0.0549664592179289,-0.0182782406413367,0.848370867777424,0.947465102249929
"Vps33a",0.543650793650794,252,0.261124815825163,-0.671219332744954,0.246604362122558,0.371622918402921
"Vps35",0.474842767295597,477,-0.191224403242768,-0.835835898007815,0.196034760738617,0.309742305573823
"Vps35l",0.49912739965096,382,-0.0599821048282321,0.020464101854202,1,1
"Vps36",0.436589545844045,389,-0.431845786965398,-3.50980419077501,0.00806218618980304,0.0211050677480335
"Vps37a",0.477171717171717,825,-0.112397824487964,-1.2583871036951,0.112640794854538,0.198332900069165
"Vps37b",0.686067019400353,189,1.06054154193505,-11.6476511013754,1.38938949003521e-06,7.63140937570897e-06
"Vps37c",0.582964601769911,226,0.44930740136359,-2.65542890037815,0.0211929190626721,0.0491183952861379
"Vps39",0.463265306122449,245,-0.173767067736707,-0.880985203100636,0.184378934515447,0.295711208713902
"Vps45",0.471887550200803,83,-0.0892673380970868,-0.182117329040466,0.546163769113082,0.685333934994766
"Vps4b",0.452764976958525,434,-0.276517635197416,-2.43197951332377,0.0274233381349291,0.0613142723389887
"Vps50",0.451434878587196,453,-0.320667548681445,-2.62256205318658,0.0220083584266989,0.0507454832566138
"Vps53",0.52169505271695,411,0.122856747785534,-0.208281069097382,0.518657474323871,0.659448563679073
"Vps54",0.489827160493827,1350,-0.0324945052057886,-0.763234445184025,0.2166431758985,0.335899514121213
"Vps72",0.493927125506073,247,0.0418201756946273,0.0122122761951005,1,1
"Vps8",0.512222094007231,1238,0.13967229153433,0.739543931396838,1,1
"Vps9d1",0.473801560758082,299,-0.123231765994271,-0.630192769789119,0.261578125827624,0.388603891225102
"Vrk1",0.569312169312169,315,0.340543773054709,-2.28687340395533,0.0324654842069904,0.0709337011710024
"Vrk2",0.509920634920635,252,0.122255750050998,0.0645732040230769,1,1
"Vta1",0.502325581395349,215,-0.0356239097307212,0.0242003048014681,1,1
"Vti1a",0.578812664794896,2026,0.461331151552779,-15.2485827875357,3.34354655938797e-08,2.17671042741145e-07
"Vti1b",0.567388688327316,277,0.426008617099847,-1.94621479844653,0.0485042077317981,0.0990146722310916
"Vwa5a",0.41699604743083,253,-0.454901960156784,-4.00274875798539,0.00466355478162176,0.013129941146915
"Vwa8",0.5490483356573,2710,0.231513811304996,-7.93368045567286,6.79403814353396e-05,0.000286276559399087
"Wac",0.482820067721058,2222,-0.0378640442527327,-2.06390443320106,0.0421839368006075,0.0883152164085083
"Wapl",0.544468546637744,1383,0.213026577940417,-3.49493995801345,0.00819718531025154,0.0214167021418483
"Wars2",0.549917491749175,404,0.287098110724263,-1.41459239119729,0.0925653362983533,0.168361927651904
"Wasf2",0.494202898550725,805,-0.012072832300575,-0.211148033711538,0.515793569141006,0.656802586999513
"Washc3",0.506289308176101,212,0.0234589728239882,-0.00134697055509037,0.958605832620401,1
"Washc4",0.480014534883721,688,-0.0832903433610355,-0.875751209416649,0.185687968829747,0.297526294291063
"Washc5",0.446843853820598,301,-0.307734213304609,-2.11466350639836,0.0397311914533804,0.0841248444905644
"Wasl",0.491574754901961,1088,-0.0583829101348363,-0.408085195342437,0.366302238161938,0.505265232746183
"Wbp1",0.219457013574661,221,-1.85598969730848,-37.8854278013521,3.18568538502715e-18,4.22575500085024e-17
"Wbp11",0.592083333333333,400,0.551795636785957,-5.80040125570292,0.000659233662651561,0.00228443805396146
"Wbp1l",0.4415982484948,1218,-0.354331810758603,-8.11707268811733,5.59760661797205e-05,0.00023991785197847
"Wbp2",0.565878378378378,296,0.35679235824289,-2.05962543823765,0.0423978485700782,0.0886248394899922
"Wbp4",0.459424083769634,382,-0.197191867211306,-1.60521677717668,0.0731700925442875,0.139442833945843
"Wdcp",0.586816720257235,311,0.517534573200865,-3.75199361553297,0.00615625487146796,0.0166481799747353
"Wdfy1",0.402262773722628,685,-0.661789126243696,-13.547243824664,1.93749629428271e-07,1.16215148590041e-06
"Wdfy2",0.588720770288858,727,0.544548232275248,-8.71178403927763,2.99094378797854e-05,0.000133478821176276
"Wdfy3",0.481086764054892,1506,-0.120827917332915,-1.48344571089046,0.0849850158731531,0.157443948810545
"Wdpcp",0.566893252769386,662,0.406141098790447,-4.28558679615321,0.00341526943026785,0.0099927150897811
"Wdr1",0.503611971104231,323,0.0331668639351994,-0.00226356666786387,0.946355633814379,1
"Wdr11",0.4156223893066,399,-0.424351250418473,-6.25869744639061,0.000403180655161276,0.00147233327390777
"Wdr12",0.560185185185185,306,0.303069067636047,-1.71069412968296,0.064356871877896,0.125092522112703
"Wdr20",0.486506199854121,914,-0.0252225837032536,-0.638922194641282,0.25830021966202,0.384712674856816
"Wdr26",0.51814581877475,1431,0.0541714744739306,-0.133012151712137,0.606011258630541,0.742253205826312
"Wdr3",0.438848920863309,139,-0.369949609750306,-1.26565568613033,0.111607427681792,0.196926670504781
"Wdr33",0.499096624481958,2141,0.010007173355381,-0.219750242114969,0.507363648914398,0.649146933189751
"Wdr36",0.511458333333333,400,0.0383038881766389,-0.00239580585372323,0.944813334666119,1
"Wdr37",0.474260355029586,845,-0.185031893832521,-1.61072046086372,0.0726796265578317,0.138705047897687
"Wdr4",0.606955380577428,254,0.615519967697125,-4.9884675732211,0.00158513312283373,0.00504237607604739
"Wdr41",0.411922690763052,664,-0.5996390773536,-10.4927911142853,4.62752716068237e-06,2.33533551146617e-05
"Wdr43",0.541072640868975,491,0.212774418774851,-1.08494431965835,0.140736425073206,0.237581208523983
"Wdr45b",0.509259259259259,531,0.0934109395667644,0.0449074462425187,1,1
"Wdr47",0.350828729281768,181,-0.8239696359085,-8.71335840591718,2.98599343443004e-05,0.000133346559759777
"Wdr48",0.505360623781676,342,0.037670417966055,0.00070632842255236,1,1
"Wdr59",0.482587064676617,201,-0.150559676575382,-0.193482400317691,0.533899161684144,0.673596085192476
"Wdr7",0.515240723704385,1087,0.0668227128712053,-0.104383455626476,0.647735607670675,0.779120744006626
"Wdr70",0.517705382436261,706,0.0990797737080027,-0.134097669146058,0.604544931557142,0.740727561265341
"Wdr73",0.605072463768116,92,0.584962500721156,-1.85091627530929,0.0543527414065947,0.108737883851286
"Wdr75",0.352422907488987,454,-0.907433881263927,-21.0016990359493,9.1114944659155e-11,7.52230637825644e-10
"Wdr82",0.494239631336406,434,-0.0178480013329247,-0.121212593088273,0.622459978505005,0.757236546833239
"Wdsub1",0.381578947368421,190,-0.691877704637668,-5.76346445800939,0.000685952389470904,0.00237325383408696
"Wee1",0.426167209554832,307,-0.457681836687337,-3.78473875717481,0.00593649908285266,0.0161449683322962
"Wfs1",0.522959183673469,196,0.0832555036493527,-0.0792251295849553,0.69058735150278,0.815773020641792
"Whamm",0.418089430894309,574,-0.464210341260546,-8.4890559577309,3.78132384710212e-05,0.000166209860260311
"Whrn",0.573266219239374,447,0.410155277899097,-3.81552583782462,0.00573718394541183,0.0156919228368395
"Wipf1",0.535526315789474,190,0.201633861169651,-0.334644192416903,0.413299818502249,0.553927392529371
"Wipf2",0.442995529061103,671,-0.344197258728395,-4.95740685044871,0.00163953732441496,0.00519083703843074
"Wipf3",0.473943759440949,1528,-0.158918010409046,-2.20037964004223,0.0359229336417005,0.0773051396611395
"Wipi1",0.458875338753388,984,-0.292473952396847,-3.82406485772799,0.00568312112074484,0.015594841097011
"Wipi2",0.500918273645546,363,0.0146467759644011,-0.0248660827458593,0.823529982669364,0.925265022376426
"Wls",0.474217311233886,543,-0.195617869105311,-0.905423989116457,0.178406540395729,0.288129138386943
"Wnk1",0.496171989446869,2463,-0.0997401516238083,0.517459678578689,1,1
"Wnk2",0.462794827124095,2132,-0.22922543537991,-6.24167168888698,0.000410596670217446,0.0014961589850703
"Wnt5b",0.715485921889192,367,1.45647021826619,-30.7054900644369,4.63220028962258e-15,5.25191357161263e-14
"Wrn",0.491978609625668,374,0.0202723950262609,-0.0545373930775099,0.741199947062672,0.858931982853013
"Wsb1",0.462287104622871,274,-0.245112497836532,-1.05837451372525,0.14569551885112,0.244049993144178
"Wtap",0.467897977132806,379,-0.181446871337532,-1.06450413702311,0.144534241934958,0.242831997964314
"Wwc2",0.535281439857839,1983,0.206896379612098,-2.05163611185253,0.0428003018686391,0.0892437484132668
"Wwox",0.526183925773656,1889,0.160805704618884,-0.781674035096785,0.211175671012386,0.328812425227369
"Wwp1",0.449706413730804,1476,-0.234003270911971,-8.41172807753719,4.10230996934808e-05,0.000179379182503351
"Wwtr1",0.453989210675752,1174,-0.294953739708546,-5.89556203314805,0.000595137895318252,0.00208593501481781
"Xbp1",0.466867469879518,166,-0.131244533278252,-0.479417201323542,0.327480724010578,0.461775340243487
"Xirp1",0.355493082416159,1014,-0.819351781054974,-35.9429936082686,2.27997287465964e-17,2.9148910351839e-16
"Xirp2",0.493077437408278,2930,0.00288198505896348,-0.92134729922509,0.174635451959028,0.28316604816154
"Xkr6",0.639274691358025,216,0.79836613883035,-7.09520319594682,0.000165210693297455,0.00065305899494259
"Xpa",0.575226977950713,257,0.337500898807824,-2.3094829175991,0.0316202969655879,0.0692448395540052
"Xpc",0.454234972677596,244,-0.29176612437711,-1.26605637726513,0.111550766144013,0.196926670504781
"Xpnpep1",0.616666666666667,490,0.71010425399864,-11.490070380018,1.63683584718921e-06,8.93206683441786e-06
"Xpnpep3",0.497241922773838,423,0.0179964292938459,-0.0388393511436789,0.780468161148372,0.890455774746169
"Xpo1",0.594949494949495,495,0.568842835357879,-7.55365056492121,0.000101569699279783,0.000415692574125551
"Xpo4",0.550910294604436,1007,0.270809550387151,-3.51314033359881,0.00803220061891287,0.0210429861647709
"Xpo6",0.479556074766355,856,-0.112110366321537,-1.27659083025219,0.110072390865683,0.194832776236937
"Xpo7",0.523087869085735,937,0.101762716150909,-0.399875850233684,0.371167617366121,0.510298453044122
"Xpot",0.494366197183099,355,0,-0.0919466091669392,0.668048600164872,0.79643733646654
"Xpr1",0.474595639943741,948,-0.113542531544794,-1.82398014547607,0.0561379225040745,0.111643773584399
"Xrcc4",0.460721393034826,670,-0.2203900684253,-2.81008312720223,0.0177549645456045,0.0423193615163698
"Xrcc5",0.557723577235772,410,0.373814836552331,-2.12552229365201,0.0392261956246309,0.0832657258167372
"Xrn1",0.485387354078943,1391,-0.0483461377654177,-1.10811142663715,0.136566812983334,0.231590815751425
"Xrn2",0.486507936507937,861,-0.107756180355883,-0.575232211618413,0.283451950685764,0.413323809038203
"Yae1d1",0.613333333333333,300,0.624197664004257,-6.45389297962168,0.000327218123587532,0.00122492361713302
"Yaf2",0.470435049019608,544,-0.183090771229147,-1.25466545429515,0.113173973655083,0.199056635534623
"Yap1",0.494951213977763,1469,-0.0398673831145024,-0.316790366631267,0.426044911499757,0.568172749053521
"Yars1",0.489994026284349,558,-0.0956352790505086,-0.232318352589346,0.495464938040973,0.636958564284813
"Yars2",0.440119760479042,167,-0.328948522565135,-1.41768344955426,0.0922097385788752,0.167817723791055
"Ybx1",0.497457627118644,590,-0.0205808774224527,-0.113892246399246,0.633171481891528,0.767536027895239
"Ybx3",0.428042328042328,315,-0.41264695185385,-3.69633510549392,0.00654901946291819,0.017561733373994
"Yeats2",0.547936893203884,412,0.347923303420307,-1.13506693540194,0.131888509300945,0.225078991718267
"Yes1",0.496328815459702,1444,-0.0117134205637903,-0.366056534543532,0.392199116892067,0.531806156076678
"Yipf1",0.579545454545455,132,0.42084312096005,-1.3992205862678,0.0943560020299783,0.171028216479939
"Yipf4",0.585762711864407,590,0.555571651198519,-6.69725152673789,0.000252362793397957,0.000966984719128632
"Yipf5",0.47984267453294,339,-0.131596882783213,-0.47889255294524,0.327745550335946,0.461954669016142
"Yipf7",0.561753637732062,1993,0.329103713641351,-8.99139180172915,2.2291193755175e-05,0.000101642997611912
"Ylpm1",0.540576794097921,994,0.180282576924677,-2.06173326410681,0.0422923338510789,0.0884616064792239
"Ypel2",0.550062927004675,927,0.296981737757132,-3.14705185847401,0.0121140256224453,0.0303960149449918
"Ypel5",0.585406301824212,201,0.526930379349741,-2.34840024974932,0.0302188221023999,0.0664794277126542
"Ythdc1",0.498686371100164,1015,-0.0231206076650246,-0.0936778012362538,0.665126700465009,0.79422187731023
"Ythdc2",0.45279057859703,651,-0.231473143941859,-3.59815319564655,0.00730537883346221,0.0193656013942332
"Ythdf1",0.468148148148148,225,-0.293046974900233,-0.432915911200297,0.352111826870819,0.48890661604405
"Ythdf2",0.436936936936937,333,-0.367509129196257,-3.09149962726946,0.0128983459902998,0.0320881016630437
"Ythdf3",0.466899894015577,2576,-0.146383832269969,-7.29971578275718,0.000132954642649293,0.000535649196555853
"Ywhae",0.507803297997644,1132,0.103807062590328,0.375030430612924,1,1
"Ywhag",0.483497935256577,1649,-0.0400774393753354,-1.55110898000339,0.0781857062117406,0.147204056127126
"Ywhaq",0.434305086864142,762,-0.494992803860242,-6.51231799517382,0.000307419827533285,0.00115661540493465
"Ywhaz",0.462198023050736,1161,-0.22643925439915,-4.06858955067833,0.00433666978824267,0.0123704749760666
"Yy1",0.506361323155216,393,0.0201778819376308,0.00589470629620337,1,1
"Zbed5-ps",0.539486678915939,1244,0.178136802918041,-2.15140761733278,0.038049338208889,0.0811237466984856
"Zbtb10",0.591928251121076,223,0.485426827170242,-3.34317472599355,0.00971539498290819,0.0249558863854879
"Zbtb11",0.506820119352089,1173,0.0104040958656642,0.0222330524391054,1,1
"Zbtb16",0.478623088850285,4714,-0.0978154164842717,-18.8066540769014,8.62539871931306e-10,6.63918305092079e-09
"Zbtb17",0.303418803418803,234,-1.23349013021978,-19.3937590398105,4.72539845440613e-10,3.72263784342417e-09
"Zbtb2",0.467532467532468,154,-0.250808103500535,-0.419226881253977,0.359839370253351,0.497782739723927
"Zbtb20",0.998091603053435,524,9.18487534290828,-389.462706608063,2.06125612977726e-171,2.82350023327856e-169
"Zbtb21",0.493865030674847,163,0.0154300405696057,-0.0260800849545717,0.819346163898775,0.921644285585483
"Zbtb24",0.450261780104712,191,-0.244622368719914,-1.1656515834016,0.12679568889616,0.217899496415031
"Zbtb25",0.494505494505495,273,-0.075452228429465,-0.0431305470205814,0.768985327670622,0.881391652890235
"Zbtb26",0.454212454212454,182,-0.26573355543475,-1.01113688606193,0.155006881276363,0.256672099488514
"Zbtb34",0.49047619047619,105,-0.0250909809628297,-0.0470709401750042,0.758976206452644,0.873349613871103
"Zbtb38",0.404431692108714,2189,-0.556363540467671,-35.3889270831796,3.99799801165193e-17,5.0631250290958e-16
"Zbtb40",0.531716417910448,268,0.217805151840796,-0.313863150975834,0.428190549807928,0.570127944913869
"Zbtb41",0.44662447257384,395,-0.273760812426852,-2.71289651588808,0.0198414222865896,0.0464188310866468
"Zbtb44",0.5,519,0.0440925841831703,0.0227341220125936,1,1
"Zbtb46",0.485964912280702,190,-0.100526875953964,-0.135464608138733,0.602709126291538,0.73874792835442
"Zbtb47",0.469325153374233,163,-0.183711953172388,-0.435789499475248,0.350518545620092,0.487410690119785
"Zbtb7a",0.430952380952381,140,-0.409644240508625,-1.45235288965756,0.0883213688937561,0.162281146459045
"Zbtb7c",0.297248182762201,321,-1.41153155577731,-27.1068986634974,1.79819779508903e-13,1.8149629474643e-12
"Zc2hc1a",0.485564304461942,381,-0.0383038881766389,-0.255286414583168,0.47489098782062,0.617008964431282
"Zc3h12c",0.575757575757576,308,0.387023123109247,-2.85848569492958,0.0168016878405287,0.0404929726339779
"Zc3h13",0.528610758153325,787,0.170618771612397,-0.626669375108236,0.262915750881482,0.390331900003651
"Zc3h14",0.567590987868284,577,0.401291491910023,-4.09143296774289,0.00422878970862317,0.0120884312283981
"Zc3h15",0.472972972972973,148,-0.199937570508752,-0.298086512513379,0.440041927025679,0.582556491951944
"Zc3h18",0.549848942598187,331,0.321928094887363,-1.20695636639158,0.120261442634228,0.208739281862151
"Zc3h4",0.505541346973572,391,0.0677446066358351,0.0349437387756666,1,1
"Zc3h6",0.434579439252336,321,-0.396300936697259,-3.18439205239571,0.0116145149630513,0.0292959881367907
"Zc3h7a",0.503213507625272,612,0.0583829101348368,0.0563929984302831,1,1
"Zc3h7b",0.51469571230982,482,0.0616191182636658,-0.055950879840907,0.737989311091086,0.855950277526071
"Zc3h8",0.504545454545455,220,-0.0119726416660759,0.0174824811648193,1,1
"Zcchc14",0.464912280701754,494,-0.149823795385803,-1.53682328626587,0.0795707987475735,0.149309253898159
"Zcchc17",0.468851132686084,412,-0.149377624038227,-1.13175326002943,0.132453847360371,0.22564218870122
"Zcchc2",0.525445292620865,393,0.140698862909741,-0.277436426546785,0.456333456249362,0.598926507302643
"Zcchc4",0.626905177428738,573,0.741466986401147,-15.3018147481839,3.16501115444328e-08,2.06649366426297e-07
"Zcchc7",0.400163558132094,2924,-0.62615185216398,-56.5178385805848,2.11926980158228e-26,3.94031548704163e-25
"Zcchc8",0.465143120960295,722,-0.167554096979566,-2.36934952598028,0.0294913645368114,0.0650710186624189
"Zcchc9",0.635135135135135,185,0.832543254148437,-6.09305872921556,0.000481464882956125,0.00172268660706389
"Zcrb1",0.620167189132706,319,0.739133430848916,-7.8275586403081,7.60066384678606e-05,0.000318052716581222
"Zcwpw2",0.396464646464646,561,-0.627124912223553,-13.0571529691716,3.21790968470162e-07,1.89461489506292e-06
"Zdhhc1",0.579861111111111,288,0.485426827170242,-2.95789672184083,0.0150057433287508,0.0366782772114258
"Zdhhc13",0.386284722222222,192,-0.631132682154083,-5.58986529446605,0.00082695779338998,0.0027948341939746
"Zdhhc14",0.629911754911755,1144,0.748576884536495,-31.1225238192503,3.032706481573e-15,3.47363923281877e-14
"Zdhhc17",0.516216216216216,185,0.08746284125034,-0.0317974185925607,0.800901806366596,0.907283193980185
"Zdhhc18",0.395744680851064,235,-0.556393348524385,-5.66887667695374,0.000759471475345441,0.00258891444515927
"Zdhhc2",0.503164556962025,158,-0.0339473319233372,0.02271493341091,1,1
"Zdhhc20",0.529888888888889,750,0.159593637305416,-0.672677495337439,0.246091808011713,0.371017119356384
"Zdhhc21",0.472985347985348,364,-0.154974659976341,-0.808589828977006,0.203485492867291,0.318812938404588
"Zdhhc3",0.56304347826087,230,0.347923303420306,-1.4458417857137,0.089037838061624,0.163373966394101
"Zdhhc7",0.504873294346979,171,0.0627357553479628,0.00901829624450556,1,1
"Zdhhc8",0.564236111111111,288,0.392841753164648,-1.88754930396624,0.0520208345686693,0.104885503642207
"Zeb1",0.695510051264328,1929,1.2547487792996,-114.677393147133,8.24240167966516e-52,3.25852418661636e-50
"Zeb2",0.521823097721128,863,0.112542779306344,-0.332033828787416,0.415127569522308,0.555489682343248
"Zer1",0.531475748194014,323,0.123382415505282,-0.355356146190957,0.399207449469019,0.539673796744422
"Zfand1",0.49055330634278,494,-0.0785690523741094,-0.249845095793319,0.479636280944442,0.620412163750066
"Zfand3",0.499849558792815,2432,0.0169233030364684,-0.208968801021911,0.517967938744681,0.658696628430144
"Zfand4",0.592857142857143,140,0.420575682820274,-1.94896235897284,0.0483457924831084,0.0987814183094745
"Zfand5",0.5310201829076,1510,0.179038708571812,-1.22035559910728,0.118222614222938,0.205648340344335
"Zfand6",0.490646258503401,1288,-0.0464650446163866,-0.530206209164135,0.303121140756134,0.435383928259185
"Zfas1",0.782296650717703,209,1.82823365173352,-33.3185740716243,3.26377198962677e-16,3.96138112014012e-15
"Zfat",0.498140770252324,502,-0.0193653248669312,-0.0684530437531521,0.711376361043284,0.831984341404865
"Zfc3h1",0.490238095238095,1190,-0.0210616155278296,-0.545868847790871,0.296086512217222,0.428027712686193
"Zfhx2",0.758417508417508,198,1.72845409431069,-25.9128261357277,6.06541672385148e-13,5.85770892812822e-12
"Zfhx3",0.540465351542742,659,0.265733555434749,-1.30921967472375,0.105628282897502,0.188057568914598
"Zfp1",0.476321585903084,454,-0.194816176984022,-0.638846642324381,0.258328370914731,0.384712674856816
"Zfp1003",0.628571428571429,175,0.786293306529775,-5.21818801227676,0.0012355746179095,0.00402386066735009
"Zfp1006",0.494326241134752,235,-0.0350469470992003,-0.0755957610585938,0.697399287790974,0.821213900790625
"Zfp106",0.466353448488892,1927,-0.278771809187763,-3.14465259029339,0.0121468660333415,0.0304556461769847
"Zfp110",0.561965811965812,156,0.473931188332412,-0.732791245072377,0.226043972665447,0.346552568417195
"Zfp112",0.566801619433198,247,0.446607578279713,-1.71776377049753,0.0638082040574866,0.124175316217411
"Zfp113",0.44488188976378,254,-0.26104585274034,-1.85991719888875,0.0537697035852016,0.107828577969487
"Zfp131",0.512300828553219,523,0,0.107635641402453,1,1
"Zfp141",0.155850540806293,339,-2.24441872766645,-89.092647511512,1.20685447526198e-40,3.38929173136335e-39
"Zfp142",0.562007874015748,254,0.280107919192735,-1.50049895226175,0.0832132479692075,0.154759578933034
"Zfp143",0.470924195223261,321,-0.205318907977507,-0.775798363184094,0.212899875555487,0.330783325168618
"Zfp146",0.37962962962963,234,-0.73401831011587,-7.45950241300756,0.000112226701193259,0.000456248103215719
"Zfp148",0.476169026169026,1554,-0.177746201563057,-1.76025950263784,0.0606134638143225,0.11909764904032
"Zfp157",0.707300275482094,242,1.17753818555219,-19.144230771209,6.10223993976848e-10,4.75705394607736e-09
"Zfp180",0.432038834951456,103,-0.333423733725192,-1.0963829891017,0.138660116114722,0.234666338719621
"Zfp189",0.521008403361345,119,0.177787119215282,-0.0288555422316819,0.810150938901365,0.914490539385557
"Zfp2",0.486928104575163,204,-0.0922585078519882,-0.131831913668776,0.607614155879816,0.743538051825949
"Zfp207",0.532258064516129,93,0.125530882083859,-0.0865596255900414,0.677354379475236,0.804245992400103
"Zfp217",0.917594064652888,629,3.49971521410264,-301.092106951866,5.60681924810285e-133,5.97348742750259e-131
"Zfp236",0.693120351588911,986,1.20473236024113,-64.1832637504483,9.3316220263005e-30,1.94515052920897e-28
"Zfp24",0.519057519057519,481,0.0995356735509141,-0.13123134665409,0.608433277361803,0.744269028185241
"Zfp251",0.427736006683375,399,-0.445524420810223,-4.7809172199423,0.00198664481973981,0.00617903615852346
"Zfp26",0.490196078431373,255,-0.0424352663203962,-0.129018243210623,0.611472335187377,0.74703354819397
"Zfp260",0.466031195840555,577,-0.187515996747764,-1.63820818406293,0.0702822357949402,0.134935459569691
"Zfp27",0.670958512160229,233,1.02615228785597,-12.5950370973687,5.19488748120385e-07,2.99321661391543e-06
"Zfp277",0.511377613776138,542,0.0610010721319254,-0.0307811155080344,0.804043593755323,0.909442425155786
"Zfp280b",0.6,105,0.646363045385299,-1.78619188626928,0.0587479206860262,0.115873066013696
"Zfp280d",0.539170110192837,968,0.206276943530162,-1.94961520303968,0.0483082320072705,0.0987584545435497
"Zfp282",0.399122807017544,247,-0.649668190108971,-5.36212364383658,0.00105740674754854,0.00349449241238099
"Zfp292",0.4225,820,-0.429426480799644,-10.8078521010924,3.33113186898577e-06,1.72652950614923e-05
"Zfp3",0.569230769230769,130,0.335184191589629,-0.985954354010445,0.160245409053226,0.263619408226778
"Zfp30",0.639367816091954,174,0.865457876621172,-6.25013386804574,0.000406893701130077,0.00148508456877927
"Zfp317",0.604881769641495,437,0.587504695283609,-8.42687778597025,4.03733603639388e-05,0.000176653190849255
"Zfp318",0.476827094474153,187,-0.145850866463454,-0.33723065504816,0.411500501868933,0.551896543453063
"Zfp326",0.493765903307888,655,-0.00771496512800507,-0.189056503080565,0.538614857580765,0.678270717463808
"Zfp329",0.645891043397969,361,0.817135942850189,-13.8397309575173,1.43174753570756e-07,8.72832830124356e-07
"Zfp335os",0.53041825095057,263,0.0547924728403792,-0.0800248792281195,0.689110709526184,0.814706889526245
"Zfp341",0.564327485380117,114,0.296393002780224,-0.744781435379394,0.222284295295778,0.342431074139377
"Zfp346",0.658294331773271,641,0.953851539196111,-27.2580114155159,1.54185544470883e-13,1.56802026437662e-12
"Zfp36",0.516516516516517,555,0.0862179580590334,-0.0387223687389451,0.780790560906572,0.890512530977894
"Zfp36l1",0.371020699500357,467,-0.703382993641825,-16.4398914588436,9.80375293749868e-09,6.78379275427743e-08
"Zfp384",0.443548387096774,310,-0.314314910777488,-2.37851674330028,0.0291787964371254,0.0644661230039453
"Zfp385b",0.51685343985356,1467,0.103643698928169,0.0710795690458781,1,1
"Zfp386",0.517257462686567,536,0.120093845490306,-0.111834576337628,0.636258317673673,0.769471320401025
"Zfp395",0.466446644664466,303,-0.163824801905895,-0.912715744559819,0.17666810965161,0.286009732750026
"Zfp397",0.538623595505618,712,0.221856999158883,-1.43944042633893,0.0897483781287498,0.164452938574985
"Zfp398",0.598408710217755,398,0.626185163447669,-6.2595079712591,0.000402830998654175,0.00147185719268744
"Zfp407",0.518966410468616,2000,0.218997399409398,2.2780094645982,1,1
"Zfp408",0.644965277777778,192,0.909487707094558,-6.93432540980018,0.000196041387005858,0.000769491105019484
"Zfp410",0.560059523809524,560,0.371968777386958,-3.02566352381177,0.0138958494479221,0.0343026632932891
"Zfp426",0.493478260869565,230,-0.0703893278913981,-0.0601854616656112,0.728632541005641,0.848370459228529
"Zfp438",0.492243662504729,881,-0.0833026466945617,-0.0931320655599848,0.666044309711306,0.79475367231685
"Zfp442",0.33698296836983,274,-0.956498361363414,-15.6985937724851,2.10285289525969e-08,1.40301676272197e-07
"Zfp445",0.565924837801445,1945,0.418463391021429,-8.38737603034679,4.2089611070393e-05,0.000183922831708644
"Zfp451",0.514203284509543,751,0.047934477063702,-0.0491609398484343,0.753852813810465,0.868899742393727
"Zfp457",0.604895104895105,143,0.547487795302493,-2.71324644852221,0.0198334715581367,0.0464164090300605
"Zfp46",0.575284090909091,352,0.48669848440629,-3.19022433876734,0.0115384258771495,0.0291478789941389
"Zfp507",0.501915708812261,261,0.0204641025597159,-0.00918674030597799,0.89217797342275,0.984755559548347
"Zfp512",0.62619449128724,593,0.829356345969533,-16.2572941535593,1.18301164017082e-08,8.08592070145272e-08
"Zfp518a",0.507675438596491,152,0,0.0124860066123915,1,1
"Zfp52",0.468605518269948,447,-0.0999188086058522,-1.13071866043941,0.132630911770557,0.225886495763507
"Zfp521",0.409130516697282,2022,-0.591582776986685,-28.7081657702765,3.52666742008186e-14,3.77527778685637e-13
"Zfp523",0.404886561954625,191,-0.561311232656511,-3.78722661019245,0.00592013358467736,0.0161133710105055
"Zfp53",0.492718446601942,206,0.0121747139461021,-0.0485844695308515,0.755253838208418,0.86983539864316
"Zfp532",0.540973505853358,541,0.199308808223407,-1.18518683199682,0.123657449513702,0.213309894920577
"Zfp536",0.351990049751244,134,-0.818553128662468,-6.38278019690173,0.000353059804417974,0.00130708075413869
"Zfp560",0.630511463844797,189,0.645891499363488,-5.80678984087928,0.000654720172033281,0.00227339979031939
"Zfp568",0.659395581049501,1046,1.40504572762168,-20.6756275734895,1.27189767135111e-10,1.03982669550653e-09
"Zfp592",0.498737373737374,528,-0.0339473319233372,-0.0543660512141173,0.741592261961627,0.859173063632169
"Zfp60",0.451951951951952,222,-0.287098110724263,-1.24078409674811,0.115187352871902,0.201600394387538
"Zfp605",0.29559748427673,159,-1.30485458152842,-14.4957010320286,7.27002582917178e-08,4.58612907569558e-07
"Zfp606",0.454166666666667,280,-0.247381141522308,-1.52964921515766,0.0802763230759674,0.1505489467689
"Zfp608",0.518514241724403,866,0.173331602885562,0.283356257861442,1,1
"Zfp609",0.494639412477954,1728,-0.0521962111254286,-0.138501329299743,0.59867254409732,0.735142721547971
"Zfp612",0.541013584117032,638,0.247708674604957,-1.22144193787483,0.118059000033359,0.205501039477154
"Zfp617",0.74025974025974,231,1.4394216579058,-26.1296027557571,4.86374043852743e-13,4.74497468363315e-12
"Zfp62",0.516896869244935,1086,0.0253481491292944,0.0972901505597292,1,1
"Zfp638",0.53227103960396,1616,0.109506406865786,-1.42954920677357,0.0908584111059616,0.166078882174078
"Zfp639",0.420353982300885,452,-0.466384379279064,-6.49568104813659,0.000312931243783015,0.00117603275939059
"Zfp64",0.493485342019544,307,-0.125530882083859,0.0491637199600063,1,1
"Zfp641",0.462789243277048,533,-0.193850840687793,-1.97308912782751,0.0469779443575338,0.0965364717117013
"Zfp644",0.521399308326683,1790,0.0877874581859595,-0.820391379103967,0.200218104422397,0.314869708735503
"Zfp652",0.502990119604784,641,0,-0.0159627521962875,0.85819125502873,0.955412125352933
"Zfp653",0.525423728813559,177,0.0763508861301148,-0.0762690296170661,0.6961216021622,0.820721621941452
"Zfp654",0.517240719479525,871,0.091588910619028,-0.23495191749339,0.493031412270623,0.634681020168857
"Zfp655",0.447875816993464,510,-0.312882955284356,-3.3534349442412,0.00960421631781421,0.0247059005910145
"Zfp664",0.477037037037037,135,-0.154033628672421,-0.207681573767587,0.519259858717156,0.659964433196279
"Zfp68",0.589285714285714,364,0.482941563780647,-4.80641406985598,0.0019322284224136,0.0060209457619499
"Zfp697",0.885249343832021,635,2.98004539362435,-268.411586038535,9.25866699160338e-119,8.63113511772804e-117
"Zfp704",0.471630295250321,779,-0.171583462414566,-1.71049112069818,0.0643727013374966,0.125092522112703
"Zfp706",0.356913183279743,311,-0.885541275415085,-13.8548726881635,1.40950851319348e-07,8.60056467323148e-07
"Zfp708",0.547244094488189,127,0.336049203132014,-0.390587137882733,0.376782244976984,0.515588670394601
"Zfp710",0.497152326839827,1760,-0.0147537666900268,-0.248535151161377,0.480790242194938,0.62178499144748
"Zfp715",0.526243093922652,362,0.080782654716046,-0.177170965231142,0.551665499689785,0.690173128409662
"Zfp72",0.468599033816425,138,-0.0769619818148835,-0.314386442822368,0.427805785025878,0.569728656566209
"Zfp729a",0.312080536912752,149,-1.06529146025172,-10.9948502102881,2.74117527860587e-06,1.4423574464506e-05
"Zfp738",0.662844036697248,218,1.09076546392318,-10.5370339891383,4.41867638120481e-06,2.23497783501482e-05
"Zfp74",0.582104228121927,339,0.503574173880502,-3.8229623012142,0.00569007238477054,0.015594841097011
"Zfp740",0.461942257217848,381,-0.221324153948957,-1.34548048028495,0.100918934669449,0.18092091065741
"Zfp770",0.455838876570584,451,-0.230005605446323,-2.13051220816902,0.0389963981854452,0.0829353056466122
"Zfp771",0.441638608305275,297,-0.264594919821412,-2.38575688993308,0.028934373660988,0.0640526108220815
"Zfp775",0.3,275,-1.2201258143645,-23.43028852674,7.62206215857365e-12,6.8578124944164e-11
"Zfp777",0.439393939393939,198,-0.328054197684204,-1.75709320134433,0.0608455243195853,0.119413789249432
"Zfp780b",0.679292929292929,198,1.12373536842224,-11.7532706745287,1.24489789342666e-06,6.899879984046e-06
"Zfp787",0.419510061242345,381,-0.457923312132021,-5.57750367599959,0.00083805158312523,0.00282947798085339
"Zfp788",0.311594202898551,253,-1.20013961448932,-19.1162873935605,6.27953330283315e-10,4.88958556016428e-09
"Zfp790",0.670731707317073,205,0.990218979207414,-11.1422754680328,2.35090387655292e-06,1.25132964468067e-05
"Zfp799",0.321684945164506,1003,-1.01667874114663,-63.8390043414479,1.32013205665245e-29,2.7432589363007e-28
"Zfp800",0.499603174603175,420,-0.0506260730699672,0.0320799926690825,1,1
"Zfp809",0.32716280653951,1468,-1.11895658699138,-79.2413193099917,2.42763343778897e-36,6.29122611368324e-35
"Zfp81",0.470037453183521,267,-0.105493128847314,-0.623958318961883,0.263950761487792,0.391261920115699
"Zfp810",0.51534170153417,478,0.0836579290469093,-0.0764834159331258,0.695716118478176,0.820387664656627
"Zfp827",0.518333137047069,1213,0.063315485638161,-0.181489979627941,0.546855882324053,0.685689647330291
"Zfp839",0.456681350954479,227,-0.179821037584812,-1.07013702590262,0.143476258527305,0.241356553191798
"Zfp84",0.463576158940397,151,-0.161463422694117,-0.526800057179017,0.304679402754639,0.437060942784599
"Zfp846",0.554744525547445,137,0.335184191589629,-0.628859810809416,0.2620831768591,0.389181921035017
"Zfp866",0.520361990950226,442,0.0916304754655677,-0.149383216399769,0.584656791980188,0.722292727364443
"Zfp868",0.557894736842105,190,0.389946518316014,-0.963489544889086,0.165089326918126,0.269671346379767
"Zfp869",0.548724954462659,366,0.241621099317942,-1.19945514451837,0.121419803552235,0.210206273263504
"Zfp871",0.5142578125,768,0.117709915891172,0.0239732196241675,1,1
"Zfp874a",0.464754098360656,305,-0.145677455195635,-1.01507376281523,0.154205638191977,0.255436387844163
"Zfp874b",0.53921568627451,425,0.214809249917383,-0.849677712271784,0.192372295096865,0.30532107937814
"Zfp91",0.44066091954023,580,-0.296870637295724,-4.73683297390448,0.00208442410413274,0.00645325396076519
"Zfp930",0.489675516224189,113,-0.0465425859370301,-0.0514791874519744,0.748307943313795,0.865078008185014
"Zfp932",0.421875,128,-0.519374159093579,-1.63991139555279,0.070136501514582,0.134732741318224
"Zfp934",0.811428571428571,175,2.1963972128035,-34.6510193884408,8.44822153952246e-17,1.05203085293645e-15
"Zfp943",0.495753715498938,314,-0.0569023912344777,-0.0596381740547258,0.729820677370896,0.848969911007531
"Zfp945",0.540311860940695,652,0.0700474975282566,-0.482304966659171,0.326028134894335,0.460307286792338
"Zfp948",0.477272727272727,374,-0.109451142415997,-0.613947584108359,0.267816768571497,0.395751872472272
"Zfp949",0.485751295336788,386,-0.0736570417253093,-0.320611408490208,0.42326834403876,0.565191646541775
"Zfp950",0.63301282051282,832,0.777279954036076,-24.1512855586227,3.65272964780321e-12,3.33566277497349e-11
"Zfp952",0.460622710622711,182,-0.16128090703306,-0.683194859129458,0.242433149844473,0.366324021106732
"Zfp955a",0.46769456681351,227,-0.191048293008066,-0.613700772708512,0.267912971398609,0.395751872472272
"Zfp955b",0.568635170603675,254,0.337500898807824,-1.74370785838761,0.0618370465264527,0.121041194600627
"Zfp961",0.613207547169811,318,0.734810709462532,-6.86919174790853,0.000210116247794166,0.000818989695234866
"Zfp968-ps",0.03137941090697,1143,-4.91985648691169,-845.763484931551,0,0
"Zfp970",0.742152466367713,223,1.61775243583883,-25.7083061841588,7.47037143716714e-13,7.15280072557288e-12
"Zfp973",0.697435897435897,325,1.26976026902211,-23.961247431445,4.43405013501779e-12,4.01637577682043e-11
"Zfp974",0.581267217630854,121,0.415037499278843,-1.35618181227439,0.0995733584177489,0.178795179695006
"Zfp975",0.503658536585366,410,0.0480942882010451,0.0173255023087222,1,1
"Zfp976",0.373359580052493,254,-0.707549106189471,-8.78166139463804,2.77896873373076e-05,0.000124682073133696
"Zfpm2",0.474035335682087,4224,-0.124797102630588,-17.0305563118691,5.34080199361112e-09,3.78537095893536e-08
"Zfr",0.525887932004953,2538,0.13345092675846,-1.03633944744479,0.149957915724199,0.249786074446782
"Zfr2",0.530120481927711,166,0.162271428898877,-0.181180456628454,0.54719795948229,0.685990419134316
"Zfyve1",0.567632850241546,414,0.429044357272723,-2.91993095914501,0.0156670561219159,0.0381142735376221
"Zfyve16",0.496543778801843,992,0.0224025470521441,-0.0868732901517433,0.676803344108605,0.804060047826516
"Zfyve26",0.537299338999056,353,0.195550809117806,-0.62365514349807,0.264066820340303,0.391261920115699
"Zfyve27",0.305327868852459,244,-1.14396577437963,-19.4980543777237,4.24651127632252e-10,3.3493047810431e-09
"Zfyve9",0.568099098353875,1727,0.394822537214221,-9.61288141280284,1.16135465607481e-05,5.51273865033529e-05
"Zgpat",0.520928462709285,438,0.121306296222133,-0.163289441314078,0.567680544040995,0.706390769670589
"Zhx1",0.349520383693046,973,-0.972519263577893,-42.9551057798776,1.8829393874101e-20,2.76548997118087e-19
"Zhx2",0.486595702739996,1691,-0.0927443037844746,-1.02865690718954,0.151476992955078,0.251785843175092
"Zhx3",0.504524284763806,1002,0.00660273482424723,0.0192034339802376,1,1
"Zkscan1",0.496969696969697,495,-0.00508887667279989,-0.083161059594147,0.683401358274162,0.809706957941072
"Zkscan3",0.549167120700301,2185,0.29729508186976,-5.23189618225615,0.00121737103644086,0.00396842855589657
"Zkscan5",0.42953306066803,489,-0.441649229526163,-4.83175961263953,0.00187963204019373,0.00588162715793953
"Zkscan7",0.34297520661157,121,-0.951090399519053,-6.50385530333243,0.000310210972064639,0.00116646277002681
"Zkscan8",0.535087719298246,228,0.226068079479846,-0.359147158512457,0.396703974626152,0.536830055986034
"Zmat5",0.478741496598639,196,-0.0269670476002695,-0.182575625980718,0.54565918755474,0.684939026767416
"Zmiz1",0.503193454737398,1263,-0.00513719845204053,0.00495383883458089,1,1
"Zmpste24",0.549206349206349,210,0.260764232208967,-0.75750348448878,0.218376654175502,0.338196608866167
"Zmym2",0.503991659219541,1119,0.0340415733605393,-0.00563819603667071,0.915431321112691,1
"Zmym4",0.509553062678063,1248,0.0165448492228979,0.0836967702709899,1,1
"Zmym5",0.519855769230769,1040,0.158021082447658,-0.0718097382007272,0.704708950760481,0.82727062675706
"Zmym6",0.609323432343234,404,0.629926388784932,-8.07178576762618,5.87175198556142e-05,0.000250866959434044
"Zmynd11",0.465256257449344,839,-0.227805917522812,-2.38509387173713,0.0289566677908012,0.0640808289521457
"Zmynd8",0.422828269157023,2111,-0.396854965313772,-24.6457065072877,2.20626144775585e-12,2.05387334775829e-11
"Znfx1",0.537243947858473,179,0.130584109810144,-0.283348350021527,0.451574553692252,0.594424084013022
"Zng1",0.497232472324723,271,-0.0183785293148544,-0.0546068678398228,0.741041068124917,0.858896157702374
"Znhit6",0.473856209150327,255,-0.153079330004389,-0.571442312589483,0.285043615868173,0.415193739085759
"Znrf1",0.560474818734078,2025,0.332431785913,-8.99897589572174,2.21142781243579e-05,0.000100973493041286
"Znrf2",0.48467987804878,656,-0.0716124691608386,-0.588395033850134,0.278010444064727,0.407088305566867
"Znrf3",0.456100536847243,1366,-0.292294434566604,-5.80036339400249,0.000659260505143527,0.00228443805396146
"Zpbp",0.470588235294118,272,-0.198683994423736,-0.680866549662085,0.243237346074971,0.367456463393024
"Zranb1",0.455402034158511,1737,-0.238159737194764,-7.49884278144782,0.000107643114540056,0.000438676736364819
"Zranb2",0.535211571675302,772,0.181972629206843,-1.08922291888337,0.139955729664944,0.236679984255758
"Zranb3",0.513665389527458,261,-0.0197632548214299,0.121141439354773,1,1
"Zscan20",0.806122448979592,147,2.02236781302845,-28.2490025675048,5.62554180435656e-14,5.85405218462655e-13
"Zscan21",0.666666666666667,334,1.00575926928868,-17.1314356683948,4.81480427879974e-09,3.43797514035148e-08
"Zscan22",0.664473684210526,228,0.965234581839323,-11.472412046212,1.66718501780211e-06,9.09028906538404e-06
"Zscan26",0.584919472913616,683,0.474639085815157,-7.89538243980405,7.07469884847082e-05,0.000296969222457387
"Zscan29",0.4553264604811,97,-0.185555653156076,-0.491428963724687,0.32149424700206,0.455054699679002
"Zswim3",0.442477876106195,113,-0.408464845355358,-0.865173859292852,0.188366496771952,0.300169973013614
"Zswim5",0.529100529100529,126,-0.0198995574377054,0.129343918904212,1,1
"Zswim6",0.510273254379472,1544,0.0739383949724686,0.0158178821848196,1,1
"Zswim7",0.618353783231084,326,0.688372825802683,-7.50688356616467,0.000106729718232671,0.000435748095363556
"Zswim8",0.65843621399177,243,0.917537839808027,-11.0533750782064,2.57901279823515e-06,1.36409250604841e-05
"Zup1",0.479854147675479,1097,-0.0748786673143949,-1.43591244895811,0.0901426046140877,0.165040142435831
"Zw10",0.641995614035088,304,0.909397451219093,-11.1532465258256,2.32419405158925e-06,1.23809448208469e-05
"Zwint",0.64792663476874,418,0.879891333848418,-16.258421910813,1.18163946036711e-08,8.08477477878086e-08
"Zxdc",0.374792703150912,402,-0.726623649944747,-13.3609362753502,2.34946902649772e-07,1.40050054226045e-06
"Zyg11b",0.529113026819923,1450,0.189211163915694,-1.10599384578791,0.136942126566202,0.2319928201697
"Zzz3",0.52736643437863,1148,0.1289326639969,-0.824462300627147,0.199105361821286,0.313340020760719
"Shroom4",0.621621621621622,37,0.839535327806754,-0.964416221099178,0.16488623819901,0.269419225874364
"Clcn5",0.343220338983051,118,-1.07635088613011,-6.18529902613716,0.000436147878651956,0.00157642679672155
"Prickle3",0.271436683702442,587,-1.62263291868721,-65.4081591150885,2.71611291444105e-30,5.76916135497732e-29
"Gpkow",0.344504021447721,373,-0.994763351633853,-19.6871138772469,3.49884567644193e-10,2.78910358435609e-09
"Gripap1",0.454277286135693,339,-0.272730904444158,-1.83580469547621,0.0553467171720585,0.11036457684458
"Otud5",0.397435897435897,312,-0.644283591656355,-7.26115004122539,0.000138510195702609,0.000554371158948068
"Wdr13",0.357487922705314,207,-0.857980995127572,-9.19807627982129,1.79419894693016e-05,8.33402306698631e-05
"Tbc1d25",0.5,106,0.0740005814437765,0.0264191101689022,1,1
"Lancl3",0.275641025641026,156,-1.39485961734121,-17.1779011639443,4.59029820946376e-09,3.28465688506618e-08
"Xk",0.565789473684211,152,0.429987840744816,-1.0592925641203,0.145520923684228,0.243879260866053
"Rpgr",0.427083333333333,288,-0.440572591385981,-3.62126871002408,0.00711962928443731,0.0189630760941044
"Tspan7",0.424413145539906,355,-0.353942902032004,-4.77430250359851,0.00200101434206625,0.00622084681053668
"Bcor",0.423487544483986,281,-0.401813804122678,-3.83630457323062,0.00560653289685796,0.0154162428528106
"Atp6ap2",0.327956989247312,124,-1.03037364904352,-7.97721560605149,6.48857091556279e-05,0.000274425255105592
"1810030O07Rik",0.349462365591398,124,-0.753839412730602,-5.85682705686233,0.000620431677255084,0.00216666879174616
"Med14",0.417451420029895,892,-0.456142702608517,-13.5088090436574,2.01609471831314e-07,1.20713896068847e-06
"Gm14634",0.359116022099448,181,-0.911943823334804,-7.78653521256413,7.93771121662003e-05,0.00033153651329156
"Usp9x",0.465584364630975,1416,0.0898416905575705,2.39431237620875,1,1
"Ddx3x",0.376606198034769,441,-0.812684425868263,-13.8900278572542,1.35920096804046e-07,8.31627793754562e-07
"Cask",0.418231611893584,426,-0.357552004618084,-6.28173804777401,0.000393359379149161,0.0014436475819824
"Maob",0.570555555555556,300,0.489262084300571,-2.29710147461091,0.0320802559299545,0.0702062855565225
"Fundc1",0.522935779816514,218,0.269760269022107,0.124628818296827,1,1
"Kdm6a",0.51594905728789,1576,0.0413782412323291,-0.0594422188137287,0.730247570334289,0.849025063586307
"Gm14636",0.320921985815603,94,-0.575860293613903,-5.09054073667384,0.00141888935113218,0.0045720524843011
"Slc9a7",0.619047619047619,168,0.797012977836145,-4.23140907844258,0.00362479796500859,0.0105414401824687
"Rp2",0.379310344827586,58,-0.618909832644493,-1.85997253179977,0.0537661399375664,0.107828577969487
"Jade3",0.440140845070423,142,-0.415037499278844,-1.19696487615344,0.121807087068098,0.210786321397133
"Rbm10",0.461876832844575,341,-0.30367639033114,-1.20131155710192,0.121131984282462,0.209870386810502
"Uba1",0.317222222222222,450,-1.09953567355091,-32.7290290165266,5.93640110483762e-16,7.11520075279823e-15
"Araf",0.438539407086045,461,-0.335965928287645,-4.26059047960661,0.0035103661921805,0.010244164296485
"A230072C01Rik",0.391791044776119,268,-0.551539499183706,-6.93635622955773,0.000195618151223464,0.000768279128737211
"Zfp182",0.436274509803922,204,-0.283306800860054,-1.90528680036971,0.0509300064338189,0.103306800599514
"Lamp2",0.436309523809524,700,-0.368984918948136,-6.77873839910683,0.000231367917767332,0.0008924950942841
"Thoc2",0.301526717557252,131,-1.15527822547791,-11.2223219163716,2.16287784815721e-06,1.15583090102159e-05
"Xiap",0.370764381402679,423,-0.814444346843924,-15.4670622478078,2.66936689701906e-08,1.75827189526908e-07
"Stag2",0.413934426229508,366,-0.498547748903683,-5.88055806820847,0.000604809484782907,0.00211762194150385
"Ocrl",0.342087542087542,495,-1.06155467051664,-26.3066484702397,4.0613020687649e-13,3.99113608866032e-12
"Zdhhc9",0.348484848484849,308,-0.99452486993385,-15.1381321578899,3.74683060918868e-08,2.42514243479985e-07
"Utp14a",0.495710784313726,272,-0.0367585500101182,-0.0502146055874277,0.751315170606271,0.86720745096505
"Aifm1",0.355952380952381,420,-0.82176536498177,-19.1737630577308,5.92030933947596e-10,4.63136553456441e-09
"Zfp280c",0.345794392523364,535,-0.922694273832551,-27.0876034601304,1.83386197057002e-13,1.84818041238228e-12
"Enox2",0.401121423047177,1293,-0.49435995194025,-27.6743460544359,1.00937005972775e-13,1.03591618362273e-12
"Firre",0.558168316831683,404,0.398549376490275,-2.06281135536307,0.0422384728857553,0.0884018179012129
"Gpc4",0.520576131687243,162,0.166649869409452,-0.0542409962795887,0.741879028350643,0.859273863380416
"Phf6",0.351351351351351,222,-0.934411658372423,-10.5761121472316,4.2420861496925e-06,2.14727618678251e-05
"Hprt",0.524229074889868,454,0.41052201815635,1.70772335934055,1,1
"Mospd1",0.266081871345029,228,-1.43440282414577,-26.7326021879634,2.6321381823853e-13,2.62120348370477e-12
"Ints6l",0.2925,100,-1.28010791919274,-9.08664552894454,2.01687591648358e-05,9.26575711939614e-05
"Slc9a6",0.391498881431767,149,-0.700439718141092,-3.74900575770853,0.00617671551644722,0.016683345893921
"Fhl1",0.528310683690431,948,0.461537624910054,4.39008391471873,1,1
"Arhgef6",0.451943679216406,1089,-0.222108900643605,-6.1369128785027,0.000459355601627225,0.00164788604923674
"Rbmx",0.435285053929122,649,-0.322778991426855,-6.44818095042825,0.000329221449704772,0.00123123844178153
"Fgf13",0.418530406573883,3020,0.0392169182469444,0.5310424514646,1,1
"Atp11c",0.453319964349376,748,-0.162391328756905,-3.60841443732829,0.0072223188174211,0.0191833019004869
"Fmr1",0.429951690821256,483,-0.309809164938776,-5.38917838183278,0.00102693808827577,0.0034089062554436
"Aff2",0.576576576576577,296,0.596367263993406,-2.55018016128705,0.0239208739115813,0.0545740671973262
"Mamld1",0.515503875968992,172,0.233672346202451,0.217076445703526,1,1
"Mtm1",0.457785087719298,608,-0.144771524213974,-2.5401076892349,0.0242003635867512,0.0551367414780292
"Mtmr1",0.375074008288928,563,-0.74819284958946,-19.2969276917563,5.21829492922822e-10,4.09172845385278e-09
"Cd99l2",0.41260162601626,246,-0.610957709254101,-4.17168955011019,0.00387095352708844,0.0111701805992337
"Bcap31",0.333333333333333,198,-0.920928429008801,-11.9944685865872,9.68908230225978e-07,5.44210212659144e-06
"Idh3g",0.457875457875458,273,-0.268488835925902,-1.27169826566859,0.110756301422679,0.19570504717237
"Irak1",0.469103568320278,383,-0.242134325197904,-0.98327137737283,0.160815307706193,0.264154398116022
"Mecp2",0.41159901599016,1355,-0.447027613523281,-23.4595354819151,7.39793129350933e-12,6.66508924054156e-11
"Dnase1l1",0.234782608695652,115,-1.67807190511264,-17.8136303281073,2.38920563556456e-09,1.77197217965849e-08
"Ikbkg",0.379746835443038,158,-0.827163403137785,-4.98104480055208,0.0015979658329716,0.00507357931452479
"F8",0.432352941176471,170,-0.257496222292364,-1.67562339444503,0.0671541317203515,0.129836873744554
"Cmc4",0.493288590604027,149,0,-0.0378895806679509,0.783101013075487,0.891949434546904
"Brcc3",0.37465564738292,242,-0.734188509495633,-8.52742922308974,3.63153442883995e-05,0.000160150191106266
"Pls3",0.429840146371997,989,-0.101502203132471,-6.09301030613301,0.000481489880043484,0.00172268660706389
"Tbl1x",0.454496623695519,1086,-0.184960931729219,-5.32253719338996,0.00110364442829019,0.00362765005028587
"Prrg1",0.534343434343434,495,0.400962314067121,0.627927745746717,1,1
"Tmem47",0.193528693528694,273,-2.08746284125034,-56.0500109905909,3.3973115946722e-26,6.24733025299722e-25
"Dmd",0.412512590000724,3043,-0.237611418160667,-36.7547466652668,1.0015330654713e-17,1.29773936977671e-16
"Tab3",0.408602150537634,279,-0.396758765560535,-5.04781980531089,0.00148620567521836,0.00476153340910053
"Gk",0.369337390128465,1479,-0.802474854761552,-55.7696791552139,4.50766956230079e-26,8.24399948287818e-25
"Pola1",0.430124223602484,322,-0.454565863465481,-3.66677751077486,0.00676790638714623,0.0180836734357188
"Gm14798",0.455172413793103,145,-0.342105976824993,-0.700289072361755,0.236626794367757,0.359492766816746
"Zfx",0.401489361702128,705,-0.56998393724517,-15.4860094802019,2.61775298490555e-08,1.72596837275894e-07
"Eif2s3x",0.514367816091954,174,0.105794664022596,-0.0142664601800675,0.865862003015604,0.962355648988365
"Klhl15",0.391025641025641,234,-0.671377252538629,-6.17117635557887,0.000442796618082875,0.00159616052662312
"Apoo",0.4491037988229,1246,-0.253812192786917,-7.90469150668491,7.00542393796608e-05,0.000294429589678324
"Arhgef9",0.480980980980981,333,-0.120294233717711,-0.441383890602083,0.347444725507066,0.484163498455621
"Las1l",0.376825396825397,525,-0.674146201898837,-17.5530643706691,3.12216613782231e-09,2.28030240664454e-08
"Msn",0.478902953586498,237,-0.121990524378611,-0.35507797899001,0.399392042490395,0.539814617236313
"Ophn1",0.437992125984252,508,-0.259643816633019,-4.43698037057419,0.00289266865659125,0.00862531853533562
"Stard8",0.527777777777778,216,0.237039197300849,-0.123945913246644,0.618563434585121,0.753775921012224
"Gm14902",0.665137614678899,109,1.08746284125034,-5.35604136362211,0.00106438147303183,0.00351408187259697
"Dlg3",0.526923076923077,130,0.0801703486839838,-0.0661087313902584,0.716143886536002,0.836831087470342
"Snx12",0.295,100,-1.23946593469539,-9.09316701938259,2.00311025934917e-05,9.2214513448228e-05
"Nono",0.405208333333333,160,-0.54314232502653,-3.1849080526913,0.0116077624066887,0.0292899628848475
"Itgb1bp2",0.623435441370224,1012,1.06159237965424,-21.1315589532952,7.97830625220091e-11,6.62752370851145e-10
"Taf1",0.430517711171662,367,-0.306977753421391,-4.02452295657278,0.0045527625091427,0.0128774302407778
"Ogt",0.432456140350877,1235,-0.370886516709438,-12.8574733878093,3.95750094035725e-07,2.30579395066648e-06
"Hdac8",0.501517121803208,769,0.0645043994867756,0.112686414952918,1,1
"Phka1",0.493536361586189,1918,0.252502314688654,11.9603499805141,1,1
"Tsix",0.64887842081651,743,0.919527421286444,-27.3591562160394,1.39104068454903e-13,1.4167928793161e-12
"Xist",0.686173367073534,1890,1.34992305585606,-99.7991974822107,2.55547440158874e-45,8.28615661036891e-44
"Jpx",0.512002743484225,486,0.0439433475875974,-0.0131056383141299,0.871385413596202,0.967053388898431
"Ftx",0.440808297567954,466,-0.341036917835067,-3.85292613748106,0.0055042078793105,0.0151992589293225
"Rlim",0.483181357649443,329,-0.00705475753395035,-0.206749163886968,0.520199211711925,0.661033152027724
"Abcb7",0.445167895167895,814,-0.304571255714296,-5.7617950636776,0.00068718548122418,0.00237629518288341
"5530601H04Rik",0.360902255639098,133,-0.851136614085517,-5.6017248919607,0.00081645404664774,0.00276432488797374
"Pbdc1",0.425474254742547,246,-0.527737632028206,-3.1127779416079,0.0125919370811334,0.0314495470150862
"Fgf16",0.275862068965517,116,-1.26589405997303,-12.65635006852,4.87488416286984e-07,2.82070883630882e-06
"Atrx",0.390135174000575,1159,-0.622874917017233,-31.26595550473,2.62162185224499e-15,3.01823771393969e-14
"Magt1",0.459697732997481,397,-0.175849835399418,-1.64618165592162,0.0696027722568193,0.133889537791588
"Cox7b",0.440640402307069,1665,-0.0302498102814026,-5.57754739313532,0.000838012085824409,0.00282947798085339
"Atp7a",0.476855530832804,484,0.0802673398461358,0.515684810148002,1,1
"Pgk1",0.341025641025641,195,-0.972692654004264,-10.4335566362522,4.92274270728475e-06,2.46946554942416e-05
"Brwd3",0.393866020984665,413,-0.563693883967504,-10.2195309373826,6.1560381858205e-06,3.02705701855144e-05
"2810403D21Rik",0.439955106621773,297,-0.42809365210429,-2.52999315397693,0.0244844314362443,0.0557083063729056
"Chm",0.332790445168295,307,-0.919657891682396,-18.6157866463119,1.04901535210006e-09,7.9920443170211e-09
"Diaph2",0.442325028170778,1141,-0.271518099256805,-9.33726733099047,1.55039331162546e-05,7.24668517244435e-05
"Trmt2b",0.407673860911271,139,-0.441705449740923,-2.66148642180551,0.0210460762683343,0.0488624226610376
"Zmat1",0.275412087912088,364,-1.36513259345253,-39.3640821872227,7.12721777952895e-19,9.72314750735738e-18
"Gprasp1",0.477460850111857,894,0.0455865743039459,0.169298280022986,1,1
"Morf4l2",0.482394366197183,284,0.00915999928547606,-0.115775394678906,0.630376318158864,0.764429721026429
"BC065397",0.329429735234216,491,-1.18687813472351,-30.7749872919722,4.31647221341334e-15,4.91887291959768e-14
"Slc25a53",0.241025641025641,195,-1.76553474636298,-28.6626622755617,3.69368455953423e-14,3.94777241458499e-13
"Pwwp3b",0.425287356321839,87,-0.247927513443586,-0.966864328222982,0.164351087790766,0.268858031014288
"Rnf128",0.452632384450566,1089,0.177345941559513,7.22610759051531,1,1
"Tbc1d8b",0.348837209302326,172,-0.934904971778115,-8.6439456166537,3.21227326291511e-05,0.00014278661020322
"Tsc22d3",0.41712730318258,796,-0.481790542848492,-12.0909955909151,8.76480401953861e-07,4.94780189900279e-06
"Mid2",0.515894236482472,561,0.211106613789933,0.451225669758287,1,1
"Atg4a",0.347014925373134,134,-0.888968687611255,-6.85169044920922,0.000214068767529053,0.000833427823465781
"Col4a5",0.410403716232496,1647,-0.486860680235981,-29.5824359535072,1.44999335030682e-14,1.59025414497702e-13
"Acsl4",0.347715736040609,197,-1,-9.790857886395,9.63872369400374e-06,4.64096939986751e-05
"Tmem164",0.643528969149737,443,1.10256973364055,-15.1077349019727,3.86613398156538e-08,2.49995099077715e-07
"Ammecr1",0.396565821749796,1223,-0.584962500721156,-29.2252608711801,2.08468304491865e-14,2.26048345678416e-13
"Pak3",0.6,25,0.321928094887363,-0.341557464276818,0.408516168959319,0.549380990994781
"Alg13",0.341843971631206,235,-0.866248611111173,-12.5999708253683,5.16837611943722e-07,2.98281517744305e-06
"Amot",0.46072186836518,157,0.124447370924488,0.502220030973206,1,1
"Tmem29",0.406441717791411,326,-0.610385097601062,-6.34938013958677,0.000365898073285736,0.00135162788546718
"Apex2",0.457165421134337,1319,-0.0954959972283596,-4.35000224173996,0.00318209267650013,0.00937174464443565
"Alas2",0.530973451327434,113,0.229481846122767,-0.120617737281577,0.623315210581087,0.757762451510037
"Pfkfb1",0.416399711399711,935,-0.542596469915632,-14.6011847390223,6.51994234391391e-08,4.14019423011827e-07
"Fam120c",0.542521994134897,341,0.457923312132021,0.035136065188766,1,1
"Phf8",0.416241496598639,392,-0.469063380961354,-6.19501011422204,0.000431634578113892,0.00156386371862268
"Huwe1",0.446565369421311,1784,-0.20267544307966,-11.5288854688417,1.57205824480317e-06,8.5929131463837e-06
"Smc1a",0.440397350993377,302,-0.287802310982737,-2.56849525835005,0.0234212152935376,0.053525092628609
"Iqsec2",0.48714859437751,415,-0.128065038788295,-0.189967917198999,0.537637578689435,0.677331139500933
"Kdm5c",0.493403939056113,897,-0.0853320537997622,-0.167264909160849,0.563003862777605,0.701481701682436
"Kantr",0.328598484848485,176,-1.06608919045777,-11.0576189843974,2.56763493510779e-06,1.35914555871005e-05
"Shroom2",0.380769230769231,130,-0.795641501493813,-4.03182073585135,0.00451623246177832,0.0128064859668171
"Nbdy",0.420634920634921,147,-0.451695969857693,-2.24097869077829,0.0342544685668349,0.0742862659194171
"Acot9",0.345714285714286,175,-0.857259827883918,-9.08225136162071,2.02620474117217e-05,9.30224775837729e-05
"Sms",0.232758620689655,667,-1.9166716164011,-102.163118910909,2.37574103462218e-46,7.97298691219205e-45
"Mbtps2",0.438028169014085,355,-0.299088118529252,-3.2344373991512,0.0109780016647422,0.0278685125468039
"Smpx",0.463538320807476,1527,-0.207685284553587,-5.27290046024655,0.00116452348836984,0.00380910411985302
"Rps6ka3",0.48855129898723,757,0.00539325877021835,-0.253249383953516,0.476658453344977,0.61787013110303
"Eif1ax",0.24390243902439,205,-1.7538394127306,-29.4216017112424,1.70750565281885e-14,1.86051589962989e-13
"Bclaf3",0.372611464968153,157,-0.750640531063283,-5.63567784102308,0.000787122250344442,0.0026750200224364
"Sh3kbp1",0.403789224393132,563,-0.44469077329322,-10.9092476375688,2.99697219697074e-06,1.56786261777612e-05
"Pdha1",0.448098001289491,517,-0.232660756790275,-3.3745870392591,0.0093791091220193,0.0241846255962326
"Phka2",0.661442006269592,319,1.15324626029568,-14.917345989613,4.70497126662816e-08,3.01621462670566e-07
"Cdkl5",0.418732782369146,363,-0.512111935313475,-5.46405782979622,0.000947157817730033,0.00316442173847884
"Rai2",0.449051490514905,615,-0.18997094364407,-3.48935765559287,0.00824847993497425,0.0215423335889288
"Nhs",0.378378378378378,37,0.66558096092944,2.92547458751738,1,1
"Rbbp7",0.371794871794872,325,-0.763701976638334,-11.7192338448567,1.28973553041811e-06,7.14249577571482e-06
"Txlng",0.439202081526453,1153,-0.246793764826583,-9.3210269959477,1.57703165837066e-05,7.36094331779128e-05
"Syap1",0.46484375,256,-0.199308808223407,-0.871153564177973,0.186846763656711,0.298909462432299
"Ctps2",0.428362573099415,171,-0.42349907802704,-2.14161048751734,0.0384903430491125,0.0819629386248868
"Ap1s2",0.277251184834123,211,-1.44961064782627,-22.2470368604765,2.55128320173294e-11,2.21529273609722e-10
"Zrsr2",0.345518867924528,212,-0.885229812753925,-11.0886725833443,2.48589872138806e-06,1.31795831105503e-05
"Pir",0.433974358974359,260,-0.498805856971441,-2.43315468958303,0.027386009231879,0.0612512142500406
"Vegfd",0.408163265306122,147,-0.430634354329863,-2.72815676523477,0.0194977403679822,0.0457700941758056
"Piga",0.573931623931624,195,0.493814612662961,-1.42512173126323,0.091360100613393,0.166768832014439
"Asb11",0.649709100812042,2142,1.1232114361809,-62.925765955853,3.31369888522511e-29,6.7398627023124e-28
"Mospd2",0.305785123966942,121,-1.12832409697554,-9.9571995061343,8.09880518095687e-06,3.93052641898644e-05
"Ofd1",0.431034482758621,116,-0.307181509518176,-1.25789666641543,0.112710898347867,0.198404287886411
"Msl3",0.459839357429719,249,-0.185745518924712,-1.04166426689395,0.148915141281822,0.248327559822009
"Arhgap6",0.47580368853556,1186,0.158968940883783,4.32094943714901,1,1
"Hccs",0.466057441253264,383,-0.114965714120521,-1.08760229815744,0.140250862956668,0.236940295032761
"Mid1",0.309610274767521,1461,-1.04665548170678,-105.07336699418,1.2760058361729e-47,4.48405820544111e-46
"Gm47283",0.530612244897959,245,0.268935007273478,-0.149212919297099,0.584870965573862,0.722297598510543
